MITTAUSAIKA;Tyyppi;Taimen;TyyppiTaimen;Allastoisto;Allas;;Pituus;Paino;Condition;Sukupuoli;Sukukypsyys;Huom;N;
ALOITUS;2;1;1;1;822;;110;11,3;0,719677654;;;;100;
ALOITUS;2;1;1;1;822;;109;13,1;0,858030532;;;;100;
ALOITUS;2;1;1;1;822;;110;11,9;0,757890627;;;;100;
ALOITUS;2;1;1;1;822;;111;12,6;0,780491904;;;;100;
ALOITUS;2;1;1;1;822;;111;12,6;0,780491904;;;;100;
ALOITUS;2;1;1;1;822;;112;12,8;0,77135498;;;;100;
ALOITUS;2;1;1;1;822;;109;12,9;0,844930829;;;;100;
ALOITUS;2;1;1;1;822;;107;12,3;0,85274453;;;;100;
ALOITUS;2;1;1;1;822;;107;12,2;0,845811648;;;;100;
ALOITUS;2;1;1;1;822;;108;14,9;1,00392616;;;;100;
ALOITUS;2;1;1;1;822;;109;11,6;0,759782761;;;;100;
ALOITUS;2;1;1;1;822;;115;13;0,722365745;;;;100;
ALOITUS;2;1;1;1;822;;111;12,6;0,780491904;;;;100;
ALOITUS;2;1;1;1;822;;105;11,5;0,844811445;;;;100;
ALOITUS;2;1;1;1;822;;100;11;0,938604615;;;;100;
ALOITUS;2;1;1;1;822;;110;10,3;0,655989366;;;;100;
ALOITUS;2;1;1;1;822;;108;10,4;0,700726984;;;;100;
ALOITUS;2;1;1;1;822;;101;9,8;0,811062213;;;pyrstö rispaantunut;100;
ALOITUS;2;1;1;1;822;;118;14,2;0,729086293;;;;100;
ALOITUS;2;1;1;1;822;;96;9,7;0,938144473;;;;100;
ALOITUS;2;1;1;1;822;;112;13;0,783407401;;;;100;
ALOITUS;2;1;1;1;822;;112;12,1;0,729171504;;;;100;
ALOITUS;2;1;1;1;822;;109;11,7;0,766332612;;;;100;
ALOITUS;2;1;1;1;822;;110;12,6;0,802472428;;;;100;
ALOITUS;2;1;1;1;822;;122;18,6;0,862129282;;;;100;
ALOITUS;2;1;1;1;822;;123;17,5;0,791074441;;;;100;
ALOITUS;2;1;1;1;822;;109;11,3;0,740133207;;;;100;
ALOITUS;2;1;1;1;822;;107;11;0,762617059;;;;100;
ALOITUS;2;1;1;1;822;;102;8,9;0,714639231;;;;100;
ALOITUS;2;1;1;1;822;;117;14,5;0,764190667;;;;100;
ALOITUS;2;1;1;1;822;;106;11,2;0,799183667;;;;100;
ALOITUS;2;1;1;1;822;;113;12,3;0,721277103;;;;100;
ALOITUS;2;1;1;1;822;;104;10,6;0,801903446;;;;100;
ALOITUS;2;1;1;1;822;;107;11,9;0,825013001;;;;100;
ALOITUS;2;1;1;1;822;;108;11,1;0,7478913;;;;100;
ALOITUS;2;1;1;1;822;;104;11,4;0,862424461;;;;100;
ALOITUS;2;1;1;1;822;;107;10,9;0,755684177;;;;100;
ALOITUS;2;1;1;1;822;;102;10,5;0,843113699;;;;100;
ALOITUS;2;1;1;1;822;;107;12,4;0,859677412;;;;100;
ALOITUS;2;1;1;1;822;;103;12,1;0,942929196;;;;100;
ALOITUS;2;1;1;1;822;;109;11,4;0,746683058;;;;100;
ALOITUS;2;1;1;1;822;;114;12,5;0,713450991;;;;100;
ALOITUS;2;1;1;1;822;;105;11,3;0,830119072;;;;100;
ALOITUS;2;1;1;1;822;;105;10,3;0,756657207;;;;100;
ALOITUS;2;1;1;1;822;;110;11,3;0,719677654;;;;100;
ALOITUS;2;1;1;1;822;;110;11,1;0,706939996;;;;100;
ALOITUS;2;1;1;1;822;;110;12,3;0,783365942;;;;100;
ALOITUS;2;1;1;1;822;;111;11,4;0,706159341;;;;100;
ALOITUS;2;1;1;1;822;;110;9,1;0,579563421;;;;100;
ALOITUS;2;1;1;1;822;;109;11,5;0,75323291;;;;100;
ALOITUS;2;1;1;1;822;;109;11,6;0,759782761;;;;100;
ALOITUS;2;1;1;1;822;;111;13,2;0,817658185;;;;100;
ALOITUS;2;1;1;1;822;;104;9,7;0,733817305;;;;100;
ALOITUS;2;1;1;1;822;;107;11,8;0,818080118;;;;100;
ALOITUS;2;1;1;1;822;;107;11,1;0,769549942;;;;100;
ALOITUS;2;1;1;1;822;;107;11,3;0,783415706;;;;100;
ALOITUS;2;1;1;1;822;;110;10,6;0,675095852;;;;100;
ALOITUS;2;1;1;1;822;;120;14,5;0,70706263;;;;100;
ALOITUS;2;1;1;1;822;;103;11,7;0,911757983;;;;100;
ALOITUS;2;1;1;1;822;;110;13,3;0,84705423;;;;100;
ALOITUS;2;1;1;1;822;;105;12,5;0,918273309;;;;100;
ALOITUS;2;1;1;1;822;;115;14,3;0,794602319;;;;100;
ALOITUS;2;1;1;1;822;;110;11,9;0,757890627;;;;100;
ALOITUS;2;1;1;1;822;;109;12,9;0,844930829;;;;100;
ALOITUS;2;1;1;1;822;;115;14,3;0,794602319;;;;100;
ALOITUS;2;1;1;1;822;;121;13,2;0,627484613;;;;100;
ALOITUS;2;1;1;1;822;;110;12,5;0,7961036;;;;100;
ALOITUS;2;1;1;1;822;;105;11,5;0,844811445;;;;100;
ALOITUS;2;1;1;1;822;;109;12,4;0,812181572;;;;100;
ALOITUS;2;1;1;1;822;;113;12,3;0,721277103;;;;100;
ALOITUS;2;1;1;1;822;;106;11,5;0,820590373;;;;100;
ALOITUS;2;1;1;1;822;;102;9,9;0,794935774;;;;100;
ALOITUS;2;1;1;1;822;;105;10,3;0,756657207;;;;100;
ALOITUS;2;1;1;1;822;;107;12,3;0,85274453;;;;100;
ALOITUS;2;1;1;1;822;;104;9,6;0,726252178;;;;100;
ALOITUS;2;1;1;1;822;;110;11,8;0,751521798;;;;100;
ALOITUS;2;1;1;1;822;;109;11,6;0,759782761;;;;100;
ALOITUS;2;1;1;1;822;;105;9,7;0,712580088;;;;100;
ALOITUS;2;1;1;1;822;;115;13,6;0,755705702;;;;100;
ALOITUS;2;1;1;1;822;;102;8,8;0,706609577;;;;100;
ALOITUS;2;1;1;1;822;;110;11,7;0,745152969;;;;100;
ALOITUS;2;1;1;1;822;;119;15;0,750471897;;;;100;
ALOITUS;2;1;1;1;822;;110;11,6;0,73878414;;;;100;
ALOITUS;2;1;1;1;822;;110;10,4;0,662358195;;;;100;
ALOITUS;2;1;1;1;822;;107;10,3;0,714086883;;;;100;
ALOITUS;2;1;1;1;822;;109;10,4;0,681184544;;;;100;
ALOITUS;2;1;1;1;822;;110;11;0,700571168;;;;100;
ALOITUS;2;1;1;1;822;;111;12,3;0,761908763;;;;100;
ALOITUS;2;1;1;1;822;;105;9,2;0,675849156;;;;100;
ALOITUS;2;1;1;1;822;;110;12,6;0,802472428;;;;100;
ALOITUS;2;1;1;1;822;;107;10,6;0,73488553;;;;100;
ALOITUS;2;1;1;1;822;;107;10,4;0,721019765;;;;100;
ALOITUS;2;1;1;1;822;;112;12,2;0,735197715;;;;100;
ALOITUS;2;1;1;1;822;;108;10;0,673775946;;;;100;
ALOITUS;2;1;1;1;822;;113;13,5;0,7916456;;;;100;
ALOITUS;2;1;1;1;822;;112;11,1;0,668909397;;;;100;
ALOITUS;2;1;1;1;822;;110;11,7;0,745152969;;;;100;
ALOITUS;2;1;1;1;822;;108;10,9;0,734415781;;;;100;
ALOITUS;2;1;1;1;822;;106;10,6;0,756370256;;;;100;
ALOITUS;2;1;1;1;822;;110;11,7;0,745152969;;;;100;
ALOITUS;2;1;1;2;821;;111;11,7;0,724742482;;;;100;
ALOITUS;2;1;1;2;821;;109;12,6;0,825281275;;;;100;
ALOITUS;2;1;1;2;821;;113;13,7;0,803373683;;;;100;
ALOITUS;2;1;1;2;821;;109;10,5;0,687734396;;;;100;
ALOITUS;2;1;1;2;821;;100;10;0,853276923;;;;100;
ALOITUS;2;1;1;2;821;;114;13,5;0,770527071;;;;100;
ALOITUS;2;1;1;2;821;;112;11,7;0,705066661;;;;100;
ALOITUS;2;1;1;2;821;;111;11,8;0,730936862;;;;100;
ALOITUS;2;1;1;2;821;;106;11,5;0,820590373;;;;100;
ALOITUS;2;1;1;2;821;;101;9,4;0,777957633;;;;100;
ALOITUS;2;1;1;2;821;;111;13;0,805269424;;;;100;
ALOITUS;2;1;1;2;821;;106;11,1;0,792048099;;;;100;
ALOITUS;2;1;1;2;821;;112;12,3;0,741223926;;;;100;
ALOITUS;2;1;1;2;821;;108;10,8;0,727678022;;;;100;
ALOITUS;2;1;1;2;821;;106;11,6;0,827725941;;;;100;
ALOITUS;2;1;1;2;821;;107;11,4;0,790348589;;;;100;
ALOITUS;2;1;1;2;821;;100;9,2;0,785014769;;;;100;
ALOITUS;2;1;1;2;821;;114;12,3;0,702035775;;;;100;
ALOITUS;2;1;1;2;821;;114;12,8;0,730573815;;;;100;
ALOITUS;2;1;1;2;821;;107;11,3;0,783415706;;;;100;
ALOITUS;2;1;1;2;821;;110;10,9;0,694202339;;;;100;
ALOITUS;2;1;1;2;821;;107;11,8;0,818080118;;;;100;
ALOITUS;2;1;1;2;821;;105;11;0,808080512;;;;100;
ALOITUS;2;1;1;2;821;;117;13,8;0,727298704;;;;100;
ALOITUS;2;1;1;2;821;;106;10,2;0,727827983;;;;100;
ALOITUS;2;1;1;2;821;;106;10,4;0,74209912;;;;100;
ALOITUS;2;1;1;2;821;;109;11,4;0,746683058;;;;100;
ALOITUS;2;1;1;2;821;;111;12,5;0,774297523;;;;100;
ALOITUS;2;1;1;2;821;;105;10;0,734618647;;;;100;
ALOITUS;2;1;1;2;821;;104;9,8;0,741382432;;;;100;
ALOITUS;2;1;1;2;821;;107;10,7;0,741818412;;;;100;
ALOITUS;2;1;1;2;821;;122;15,3;0,709170861;;;;100;
ALOITUS;2;1;1;2;821;;107;10,6;0,73488553;;;;100;
ALOITUS;2;1;1;2;821;;115;12,7;0,705695766;;;;100;
ALOITUS;2;1;1;2;821;;105;11,1;0,815426699;;;;100;
ALOITUS;2;1;1;2;821;;105;9,3;0,683195342;;;;100;
ALOITUS;2;1;1;2;821;;107;10,6;0,73488553;;;;100;
ALOITUS;2;1;1;2;821;;108;11,4;0,768104579;;;;100;
ALOITUS;2;1;1;2;821;;106;9,4;0,670743435;;;;100;
ALOITUS;2;1;1;2;821;;112;12,6;0,759302558;;;;100;
ALOITUS;2;1;1;2;821;;114;13,6;0,776234678;;;;100;
ALOITUS;2;1;1;2;821;;110;10,8;0,68783351;;;;100;
ALOITUS;2;1;1;2;821;;110;11,3;0,719677654;;;;100;
ALOITUS;2;1;1;2;821;;110;12,2;0,776997113;;;;100;
ALOITUS;2;1;1;2;821;;109;12,1;0,792532018;;;;100;
ALOITUS;2;1;1;2;821;;115;11,5;0,639015851;;;;100;
ALOITUS;2;1;1;2;821;;108;11,6;0,781580097;;;;100;
ALOITUS;2;1;1;2;821;;110;12;0,764259456;;;;100;
ALOITUS;2;1;1;2;821;;110;11,4;0,726046483;;;;100;
ALOITUS;2;1;1;2;821;;106;11,5;0,820590373;;;;100;
ALOITUS;2;1;1;2;821;;90;7;0,82530345;;;;100;
ALOITUS;2;1;1;2;821;;109;11,5;0,75323291;;;;100;
ALOITUS;2;1;1;2;821;;112;12,9;0,777381191;;;;100;
ALOITUS;2;1;1;2;821;;106;10,7;0,763505825;;;;100;
ALOITUS;2;1;1;2;821;;125;17,7;0,761474139;;;;100;
ALOITUS;2;1;1;2;821;;113;12,3;0,721277103;;;;100;
ALOITUS;2;1;1;2;821;;104;9,3;0,703556797;;;;100;
ALOITUS;2;1;1;2;821;;109;10,5;0,687734396;;;;100;
ALOITUS;2;1;1;2;821;;111;11;0,681381821;;;;100;
ALOITUS;2;1;1;2;821;;113;12,1;0,70954902;;;;100;
ALOITUS;2;1;1;2;821;;108;10,7;0,720940262;;;;100;
ALOITUS;2;1;1;2;821;;101;10,7;0,885547519;;;;100;
ALOITUS;2;1;1;2;821;;106;10,4;0,74209912;;;;100;
ALOITUS;2;1;1;2;821;;108;12;0,808531135;;;;100;
ALOITUS;2;1;1;2;821;;107;10,4;0,721019765;;;;100;
ALOITUS;2;1;1;2;821;;116;14,4;0,779178076;;;;100;
ALOITUS;2;1;1;2;821;;111;11,9;0,737131242;;;;100;
ALOITUS;2;1;1;2;821;;105;10,4;0,764003393;;;;100;
ALOITUS;2;1;1;2;821;;113;12,3;0,721277103;;;;100;
ALOITUS;2;1;1;2;821;;111;12,1;0,749520003;;;;100;
ALOITUS;2;1;1;2;821;;110;11,2;0,713308825;;;;100;
ALOITUS;2;1;1;2;821;;102;9,3;0,746757848;;;;100;
ALOITUS;2;1;1;2;821;;116;13,5;0,730479447;;;;100;
ALOITUS;2;1;1;2;821;;104;11;0,832163954;;;;100;
ALOITUS;2;1;1;2;821;;123;18,3;0,827237844;;;;100;
ALOITUS;2;1;1;2;821;;109;11,5;0,75323291;;;;100;
ALOITUS;2;1;1;2;821;;97;7,4;0,693295014;;;;100;
ALOITUS;2;1;1;2;821;;106;10,4;0,74209912;;;;100;
ALOITUS;2;1;1;2;821;;108;9,9;0,667038187;;;;100;
ALOITUS;2;1;1;2;821;;114;13,5;0,770527071;;;;100;
ALOITUS;2;1;1;2;821;;105;10;0,734618647;;;;100;
ALOITUS;2;1;1;2;821;;103;9,7;0,755901917;;;;100;
ALOITUS;2;1;1;2;821;;110;11,9;0,757890627;;;;100;
ALOITUS;2;1;1;2;821;;108;10,7;0,720940262;;;;100;
ALOITUS;2;1;1;2;821;;108;11,2;0,75462906;;;;100;
ALOITUS;2;1;1;2;821;;108;11,4;0,768104579;;;;100;
ALOITUS;2;1;1;2;821;;111;12,4;0,768103143;;;;100;
ALOITUS;2;1;1;2;821;;102;10,2;0,819024736;;;;100;
ALOITUS;2;1;1;2;821;;108;10,8;0,727678022;;;;100;
ALOITUS;2;1;1;2;821;;107;11;0,762617059;;;;100;
ALOITUS;2;1;1;2;821;;112;11,5;0,69301424;;;;100;
ALOITUS;2;1;1;2;821;;107;11;0,762617059;;;;100;
ALOITUS;2;1;1;2;821;;106;10,7;0,763505825;;;;100;
ALOITUS;2;1;1;2;821;;105;11,4;0,837465258;;;;100;
ALOITUS;2;1;1;2;821;;101;11,7;0,968308969;;;;100;
ALOITUS;2;1;1;2;821;;103;10,8;0,841622753;;;;100;
ALOITUS;2;1;1;2;821;;111;11,5;0,712353722;;;;100;
ALOITUS;2;1;1;2;821;;106;10,6;0,756370256;;;;100;
ALOITUS;2;1;1;2;821;;107;10,8;0,748751295;;;;100;
ALOITUS;2;1;1;2;821;;115;13,4;0,744592383;;;;100;
ALOITUS;2;2;2;2;820;;114;12,6;0,719158599;;;;110;
ALOITUS;2;2;2;2;820;;116;13,7;0,741301364;;;;110;
ALOITUS;2;2;2;2;820;;115;12,6;0,700139106;;;;110;
ALOITUS;2;2;2;2;820;;111;11,8;0,730936862;;;;110;
ALOITUS;2;2;2;2;820;;110;11,4;0,726046483;;;;110;
ALOITUS;2;2;2;2;820;;110;11;0,700571168;;;;110;
ALOITUS;2;2;2;2;820;;102;9,6;0,770846811;;;;110;
ALOITUS;2;2;2;2;820;;105;10,5;0,77134958;;;;110;
ALOITUS;2;2;2;2;820;;112;11,8;0,711092872;;;;110;
ALOITUS;2;2;2;2;820;;109;11,1;0,727033504;;;;110;
ALOITUS;2;2;2;2;820;;120;17;0,82896998;;;;110;
ALOITUS;2;2;2;2;820;;110;11,9;0,757890627;;;;110;
ALOITUS;2;2;2;2;820;;116;13,5;0,730479447;;;;110;
ALOITUS;2;2;2;2;820;;112;12,8;0,77135498;;;;110;
ALOITUS;2;2;2;2;820;;109;12,4;0,812181572;;;;110;
ALOITUS;2;2;2;2;820;;111;11,8;0,730936862;;;;110;
ALOITUS;2;2;2;2;820;;111;10,8;0,66899306;;;;110;
ALOITUS;2;2;2;2;820;;105;10,1;0,741964834;;;;110;
ALOITUS;2;2;2;2;820;;108;11,6;0,781580097;;;;110;
ALOITUS;2;2;2;2;820;;109;10,8;0,70738395;;;;110;
ALOITUS;2;2;2;2;820;;110;12,4;0,789734771;;;;110;
ALOITUS;2;2;2;2;820;;111;12;0,743325622;;;;110;
ALOITUS;2;2;2;2;820;;105;12,4;0,910927123;;;;110;
ALOITUS;2;2;2;2;820;;110;9,4;0,598669907;;;;110;
ALOITUS;2;2;2;2;820;;107;12,7;0,880476059;;;;110;
ALOITUS;2;2;2;2;820;;110;10,3;0,655989366;;;;110;
ALOITUS;2;2;2;2;820;;110;9,8;0,624145222;;;;110;
ALOITUS;2;2;2;2;820;;112;11,5;0,69301424;;;;110;
ALOITUS;2;2;2;2;820;;117;14,9;0,785271789;;;;110;
ALOITUS;2;2;2;2;820;;110;11,2;0,713308825;;;;110;
ALOITUS;2;2;2;2;820;;107;12;0,831945883;;;;110;
ALOITUS;2;2;2;2;820;;105;10;0,734618647;;;;110;
ALOITUS;2;2;2;2;820;;105;10,8;0,793388139;;;;110;
ALOITUS;2;2;2;2;820;;108;12,6;0,848957692;;;;110;
ALOITUS;2;2;2;2;820;;105;13,8;1,013773733;;;;110;
ALOITUS;2;2;2;2;820;;102;11,7;0,939469551;;;;110;
ALOITUS;2;2;2;2;820;;110;11,5;0,732415312;;;;110;
ALOITUS;2;2;2;2;820;;114;12,7;0,724866207;;;;110;
ALOITUS;2;2;2;2;820;;103;10,8;0,841622753;;;;110;
ALOITUS;2;2;2;2;820;;105;11,7;0,859503817;;;;110;
ALOITUS;2;2;2;2;820;;110;12,8;0,815210086;;;;110;
ALOITUS;2;2;2;2;820;;115;13,8;0,766819021;;;;110;
ALOITUS;2;2;2;2;820;;107;10,6;0,73488553;;;;110;
ALOITUS;2;2;2;2;820;;108;11,4;0,768104579;;;;110;
ALOITUS;2;2;2;2;820;;105;10,9;0,800734326;;;;110;
ALOITUS;2;2;2;2;820;;105;10,9;0,800734326;;;;110;
ALOITUS;2;2;2;2;820;;109;11,7;0,766332612;;;;110;
ALOITUS;2;2;2;2;820;;108;11,4;0,768104579;;;;110;
ALOITUS;2;2;2;2;820;;109;11;0,720483653;;;;110;
ALOITUS;2;2;2;2;820;;105;11,1;0,815426699;;;;110;
ALOITUS;2;2;2;2;820;;111;12,9;0,799075044;;;;110;
ALOITUS;2;2;2;2;820;;112;12,5;0,753276348;;;;110;
ALOITUS;2;2;2;2;820;;110;12,1;0,770628284;;;;110;
ALOITUS;2;2;2;2;820;;110;12,2;0,776997113;;;;110;
ALOITUS;2;2;2;2;820;;108;11,7;0,788317857;;;;110;
ALOITUS;2;2;2;2;820;;111;13,3;0,823852565;;;;110;
ALOITUS;2;2;2;2;820;;110;11;0,700571168;;;;110;
ALOITUS;2;2;2;2;820;;109;9,9;0,648435287;;;;110;
ALOITUS;2;2;2;2;820;;108;12;0,808531135;;;;110;
ALOITUS;2;2;2;2;820;;107;10,8;0,748751295;;;;110;
ALOITUS;2;2;2;2;820;;105;12,4;0,910927123;;;;110;
ALOITUS;2;2;2;2;820;;106;13,2;0,941895036;;;;110;
ALOITUS;2;2;2;2;820;;111;11,4;0,706159341;;;;110;
ALOITUS;2;2;2;2;820;;106;11;0,78491253;;;;110;
ALOITUS;2;2;2;2;820;;111;12,5;0,774297523;;;;110;
ALOITUS;2;2;2;2;820;;106;11;0,78491253;;;;110;
ALOITUS;2;2;2;2;820;;104;10,9;0,824598827;;;;110;
ALOITUS;2;2;2;2;820;;106;10,4;0,74209912;;;;110;
ALOITUS;2;2;2;2;820;;106;10,1;0,720692414;;;;110;
ALOITUS;2;2;2;2;820;;119;14,2;0,710446729;;;;110;
ALOITUS;2;2;2;2;820;;109;11,7;0,766332612;;;;110;
ALOITUS;2;2;2;2;820;;112;11,6;0,699040451;;;;110;
ALOITUS;2;2;2;2;820;;105;10,3;0,756657207;;;;110;
ALOITUS;2;2;2;2;820;;110;11,9;0,757890627;;;;110;
ALOITUS;2;2;2;2;820;;111;11,8;0,730936862;;;;110;
ALOITUS;2;2;2;2;820;;112;12,1;0,729171504;;;;110;
ALOITUS;2;2;2;2;820;;115;13,6;0,755705702;;;;110;
ALOITUS;2;2;2;2;820;;110;11,4;0,726046483;;;;110;
ALOITUS;2;2;2;2;820;;110;10,6;0,675095852;;;;110;
ALOITUS;2;2;2;2;820;;106;10,8;0,770641393;;;;110;
ALOITUS;2;2;2;2;820;;110;12;0,764259456;;;;110;
ALOITUS;2;2;2;2;820;;119;15;0,750471897;;;;110;
ALOITUS;2;2;2;2;820;;104;10,7;0,809468573;;;;110;
ALOITUS;2;2;2;2;820;;114;13,4;0,764819463;;;;110;
ALOITUS;2;2;2;2;820;;107;11,8;0,818080118;;;;110;
ALOITUS;2;2;2;2;820;;105;10,1;0,741964834;;;;110;
ALOITUS;2;2;2;2;820;;100;8,7;0,742350923;;;;110;
ALOITUS;2;2;2;2;820;;111;10,7;0,66279868;;;;110;
ALOITUS;2;2;2;2;820;;109;13;0,85148068;;;;110;
ALOITUS;2;2;2;2;820;;109;11,7;0,766332612;;;;110;
ALOITUS;2;2;2;2;820;;115;12,6;0,700139106;;;;110;
ALOITUS;2;2;2;2;820;;120;15,3;0,746072982;;;;110;
ALOITUS;2;2;2;2;820;;110;11,8;0,751521798;;;;110;
ALOITUS;2;2;2;2;820;;111;12,6;0,780491904;;;;110;
ALOITUS;2;2;2;2;820;;114;11,8;0,673497736;;;;110;
ALOITUS;2;2;2;2;820;;106;11,3;0,806319236;;;;110;
ALOITUS;2;2;2;2;820;;105;10,7;0,786041953;;;;110;
ALOITUS;2;2;2;2;820;;107;9,9;0,686355353;;;;110;
ALOITUS;2;2;2;2;820;;114;13,9;0,793357502;;;;110;
ALOITUS;2;2;2;2;820;;105;11,9;0,87419619;;;;110;
ALOITUS;2;2;2;2;820;;107;10,4;0,721019765;;;;110;
ALOITUS;2;2;2;2;820;;106;11,3;0,806319236;;;;110;
ALOITUS;2;2;2;2;820;;107;10,8;0,748751295;;;;110;
ALOITUS;2;2;2;2;820;;110;12,4;0,789734771;;;;110;
ALOITUS;2;2;2;2;820;;105;9,4;0,690541529;;;;110;
ALOITUS;2;2;2;2;820;;112;12,9;0,777381191;;;;110;
ALOITUS;2;2;2;2;820;;101;9,5;0,786233778;;;;110;
ALOITUS;2;2;2;2;820;;103;10,2;0,794865934;;;;110;
ALOITUS;2;2;2;2;820;;103;13,2;1,028650032;;;;110;
ALOITUS;2;2;2;2;820;;107;11,1;0,769549942;;;;110;
ALOITUS;2;2;2;1;819;;113;11,7;0,686092854;;;;110;
ALOITUS;2;2;2;1;819;;110;11,5;0,732415312;;;;110;
ALOITUS;2;2;2;1;819;;110;10,6;0,675095852;;;;110;
ALOITUS;2;2;2;1;819;;122;14,7;0,681360239;;;;110;
ALOITUS;2;2;2;1;819;;110;12,1;0,770628284;;;;110;
ALOITUS;2;2;2;1;819;;110;11,8;0,751521798;;;;110;
ALOITUS;2;2;2;1;819;;113;10,7;0,627452439;;;;110;
ALOITUS;2;2;2;1;819;;110;10,5;0,668727024;;;;110;
ALOITUS;2;2;2;1;819;;112;11,8;0,711092872;;;;110;
ALOITUS;2;2;2;1;819;;115;12,5;0,694582447;;;;110;
ALOITUS;2;2;2;1;819;;110;9,9;0,630514051;;;;110;
ALOITUS;2;2;2;1;819;;105;10,3;0,756657207;;;;110;
ALOITUS;2;2;2;1;819;;110;10,7;0,681464681;;;;110;
ALOITUS;2;2;2;1;819;;107;10,4;0,721019765;;;;110;
ALOITUS;2;2;2;1;819;;107;10;0,693288236;;;;110;
ALOITUS;2;2;2;1;819;;110;10,3;0,655989366;;;;110;
ALOITUS;2;2;2;1;819;;108;11;0,741153541;;;;110;
ALOITUS;2;2;2;1;819;;108;10,4;0,700726984;;;;110;
ALOITUS;2;2;2;1;819;;105;10,4;0,764003393;;;;110;
ALOITUS;2;2;2;1;819;;101;9;0,744853053;;;;110;
ALOITUS;2;2;2;1;819;;111;12,6;0,780491904;;;;110;
ALOITUS;2;2;2;1;819;;107;10,2;0,707154;;;;110;
ALOITUS;2;2;2;1;819;;101;8,7;0,720024618;;;;110;
ALOITUS;2;2;2;1;819;;109;10;0,654985139;;;;110;
ALOITUS;2;2;2;1;819;;115;13,7;0,761262362;;;;110;
ALOITUS;2;2;2;1;819;;113;11,2;0,656772646;;;;110;
ALOITUS;2;2;2;1;819;;100;9,2;0,785014769;;;;110;
ALOITUS;2;2;2;1;819;;112;11,8;0,711092872;;;;110;
ALOITUS;2;2;2;1;819;;105;8,4;0,617079664;;;;110;
ALOITUS;2;2;2;1;819;;116;12,4;0,670958899;;;;110;
ALOITUS;2;2;2;1;819;;110;11,5;0,732415312;;;;110;
ALOITUS;2;2;2;1;819;;108;9,9;0,667038187;;;;110;
ALOITUS;2;2;2;1;819;;107;10,3;0,714086883;;;;110;
ALOITUS;2;2;2;1;819;;111;10,9;0,67518744;;;;110;
ALOITUS;2;2;2;1;819;;109;10,4;0,681184544;;;;110;
ALOITUS;2;2;2;1;819;;107;10,3;0,714086883;;;;110;
ALOITUS;2;2;2;1;819;;105;10,3;0,756657207;;;;110;
ALOITUS;2;2;2;1;819;;112;11,1;0,668909397;;;;110;
ALOITUS;2;2;2;1;819;;114;12,7;0,724866207;;;;110;
ALOITUS;2;2;2;1;819;;110;10,8;0,68783351;;;;110;
ALOITUS;2;2;2;1;819;;112;10,8;0,650830764;;;;110;
ALOITUS;2;2;2;1;819;;110;10,2;0,649620537;;;;110;
ALOITUS;2;2;2;1;819;;109;8,6;0,563287219;;;;110;
ALOITUS;2;2;2;1;819;;102;9,6;0,770846811;;;;110;
ALOITUS;2;2;2;1;819;;100;9,3;0,793547538;;;;110;
ALOITUS;2;2;2;1;819;;92;7,1;0,782492615;;;;110;
ALOITUS;2;2;2;1;819;;109;10,2;0,668084842;;;;110;
ALOITUS;2;2;2;1;819;;110;11,6;0,73878414;;;;110;
ALOITUS;2;2;2;1;819;;115;12,7;0,705695766;;;;110;
ALOITUS;2;2;2;1;819;;102;8,9;0,714639231;;;;110;
ALOITUS;2;2;2;1;819;;111;11,6;0,718548102;;;;110;
ALOITUS;2;2;2;1;819;;112;10,7;0,644804554;;;;110;
ALOITUS;2;2;2;1;819;;107;11,1;0,769549942;;;;110;
ALOITUS;2;2;2;1;819;;107;9,3;0,644758059;;;;110;
ALOITUS;2;2;2;1;819;;110;11;0,700571168;;;;110;
ALOITUS;2;2;2;1;819;;105;11;0,808080512;;;;110;
ALOITUS;2;2;2;1;819;;108;10,9;0,734415781;;;;110;
ALOITUS;2;2;2;1;819;;105;10,2;0,74931102;;;;110;
ALOITUS;2;2;2;1;819;;105;10,4;0,764003393;;;;110;
ALOITUS;2;2;2;1;819;;110;10,6;0,675095852;;;;110;
ALOITUS;2;2;2;1;819;;110;10,5;0,668727024;;;;110;
ALOITUS;2;2;2;1;819;;105;9,5;0,697887715;;;;110;
ALOITUS;2;2;2;1;819;;110;11,4;0,726046483;;;;110;
ALOITUS;2;2;2;1;819;;105;9,9;0,727272461;;;;110;
ALOITUS;2;2;2;1;819;;105;10,7;0,786041953;;;;110;
ALOITUS;2;2;2;1;819;;110;10,6;0,675095852;;;;110;
ALOITUS;2;2;2;1;819;;105;10,2;0,74931102;;;;110;
ALOITUS;2;2;2;1;819;;115;12,8;0,711252425;;;;110;
ALOITUS;2;2;2;1;819;;105;10,1;0,741964834;;;;110;
ALOITUS;2;2;2;1;819;;110;10,7;0,681464681;;;;110;
ALOITUS;2;2;2;1;819;;110;11,2;0,713308825;;;;110;
ALOITUS;2;2;2;1;819;;114;11,8;0,673497736;;;;110;
ALOITUS;2;2;2;1;819;;111;11,9;0,737131242;;;;110;
ALOITUS;2;2;2;1;819;;110;11,3;0,719677654;;;;110;
ALOITUS;2;2;2;1;819;;109;11,4;0,746683058;;;;110;
ALOITUS;2;2;2;1;819;;110;10,5;0,668727024;;;;110;
ALOITUS;2;2;2;1;819;;115;12,1;0,672355808;;;;110;
ALOITUS;2;2;2;1;819;;113;11,5;0,674364771;;;;110;
ALOITUS;2;2;2;1;819;;112;9,3;0,560437603;;;;110;
ALOITUS;2;2;2;1;819;;110;12;0,764259456;;;;110;
ALOITUS;2;2;2;1;819;;107;9,5;0,658623824;;;;110;
ALOITUS;2;2;2;1;819;;106;11,1;0,792048099;;;;110;
ALOITUS;2;2;2;1;819;;110;11,4;0,726046483;;;;110;
ALOITUS;2;2;2;1;819;;105;10,6;0,778695766;;;;110;
ALOITUS;2;2;2;1;819;;107;10,7;0,741818412;;;;110;
ALOITUS;2;2;2;1;819;;105;10,3;0,756657207;;;;110;
ALOITUS;2;2;2;1;819;;110;10,9;0,694202339;;;;110;
ALOITUS;2;2;2;1;819;;109;11,9;0,779432315;;;;110;
ALOITUS;2;2;2;1;819;;112;11;0,662883186;;;;110;
ALOITUS;2;2;2;1;819;;114;13,8;0,787649894;;;;110;
ALOITUS;2;2;2;1;819;;113;14,2;0,832693891;;;;110;
ALOITUS;2;2;2;1;819;;110;10,7;0,681464681;;;;110;
ALOITUS;2;2;2;1;819;;117;12,8;0,674595899;;;;110;
ALOITUS;2;2;2;1;819;;105;10,8;0,793388139;;;;110;
ALOITUS;2;2;2;1;819;;105;10,8;0,793388139;;;;110;
ALOITUS;2;2;2;1;819;;105;9,8;0,719926274;;;;110;
ALOITUS;2;2;2;1;819;;107;10,1;0,700221118;;;;110;
ALOITUS;2;2;2;1;819;;110;11,7;0,745152969;;;;110;
ALOITUS;2;2;2;1;819;;110;11,7;0,745152969;;;;110;
ALOITUS;2;2;2;1;819;;109;11;0,720483653;;;;110;
ALOITUS;2;2;2;1;819;;107;10,4;0,721019765;;;;110;
ALOITUS;2;2;2;1;819;;105;10,1;0,741964834;;;;110;
ALOITUS;2;2;2;1;819;;107;11,6;0,804214353;;;;110;
ALOITUS;2;2;2;1;819;;107;10,1;0,700221118;;;;110;
ALOITUS;2;2;2;1;819;;87;6;0,784966677;;;;110;
ALOITUS;2;2;2;1;819;;110;12;0,764259456;;;;110;
ALOITUS;2;2;2;1;819;;107;11;0,762617059;;;;110;
ALOITUS;2;2;2;1;819;;108;11,3;0,761366819;;;;110;
ALOITUS;2;2;2;1;819;;102;9,9;0,794935774;;;;110;
ALOITUS;2;2;2;1;819;;111;12,1;0,749520003;;;;110;
ALOITUS;1;2;4;1;824;G120;112;12,6;0,759302558;;;;110;
ALOITUS;1;2;4;1;824;G120;103;8,6;0,670181081;;;;110;
ALOITUS;1;2;4;1;824;G120;113;11,4;0,668500729;;;;110;
ALOITUS;1;2;4;1;824;G120;110;9,2;0,585932249;;;;110;
ALOITUS;1;2;4;1;824;G120;108;9,3;0,62661163;;;;110;
ALOITUS;1;2;4;1;824;G120;115;11,5;0,639015851;;;;110;
ALOITUS;1;2;4;1;824;G120;118;13,8;0,708548651;;;;110;
ALOITUS;1;2;4;1;824;G120;112;10,9;0,656856975;;;;110;
ALOITUS;1;2;4;1;824;G120;100;8,3;0,708219846;;;;110;
ALOITUS;1;2;4;1;824;G120;110;9,3;0,592301078;;;;110;
ALOITUS;1;2;4;1;824;G120;110;10;0,63688288;;;;110;
ALOITUS;1;2;4;1;824;G120;104;7,6;0,574949641;;;;110;
ALOITUS;1;2;4;1;824;G120;117;12,4;0,653514777;;;;110;
ALOITUS;1;2;4;1;824;G120;108;10,6;0,714202503;;;;110;
ALOITUS;1;2;4;1;824;G120;107;9,2;0,637825177;;;;110;
ALOITUS;1;2;4;1;824;G120;110;12,6;0,802472428;;;;110;
ALOITUS;1;2;4;1;824;G120;107;9,2;0,637825177;;;;110;
ALOITUS;1;2;4;1;824;G120;107;9,9;0,686355353;;;;110;
ALOITUS;1;2;4;1;824;G120;105;9,5;0,697887715;;;;110;
ALOITUS;1;2;4;1;824;G120;112;12,2;0,735197715;;;;110;
ALOITUS;1;2;4;1;824;G120;110;8,9;0,566825763;;;;110;
ALOITUS;1;2;4;1;824;G120;112;10,9;0,656856975;;;;110;
ALOITUS;1;2;4;1;824;G120;111;11,1;0,687576201;;;;110;
ALOITUS;1;2;4;1;824;G120;110;11,4;0,726046483;;;;110;
ALOITUS;1;2;4;1;824;G120;113;13,4;0,785781559;;;;110;
ALOITUS;1;2;4;1;824;G120;113;12,2;0,715413061;;;;110;
ALOITUS;1;2;4;1;824;G120;108;10,3;0,693989224;;;;110;
ALOITUS;1;2;4;1;824;G120;115;14,5;0,805715638;;;;110;
ALOITUS;1;2;4;1;824;G120;110;11,2;0,713308825;;;;110;
ALOITUS;1;2;4;1;824;G120;120;16,2;0,789959628;;;;110;
ALOITUS;1;2;4;1;824;G120;110;9,6;0,611407564;;;;110;
ALOITUS;1;2;4;1;824;G120;105;9;0,661156783;;;;110;
ALOITUS;1;2;4;1;824;G120;111;10,2;0,631826779;;;;110;
ALOITUS;1;2;4;1;824;G120;110;13,9;0,885267203;;;;110;
ALOITUS;1;2;4;1;824;G120;115;17,4;0,966858766;;;;110;
ALOITUS;1;2;4;1;824;G120;111;10,8;0,66899306;;;;110;
ALOITUS;1;2;4;1;824;G120;112;11,5;0,69301424;;;;110;
ALOITUS;1;2;4;1;824;G120;105;11,3;0,830119072;;;;110;
ALOITUS;1;2;4;1;824;G120;113;14,5;0,850286015;;;;110;
ALOITUS;1;2;4;1;824;G120;110;13,1;0,834316572;;;;110;
ALOITUS;1;2;4;1;824;G120;105;8,9;0,653810596;;;;110;
ALOITUS;1;2;4;1;824;G120;110;9,7;0,617776393;;;;110;
ALOITUS;1;2;4;1;824;G120;101;8,3;0,686920038;;;;110;
ALOITUS;1;2;4;1;824;G120;113;13,1;0,768189434;;;;110;
ALOITUS;1;2;4;1;824;G120;110;12,8;0,815210086;;;;110;
ALOITUS;1;2;4;1;824;G120;113;14;0,820965808;;;;110;
ALOITUS;1;2;4;1;824;G120;112;10,3;0,62069971;;;;110;
ALOITUS;1;2;4;1;824;G120;115;14,8;0,822385617;;;;110;
ALOITUS;1;2;4;1;824;G120;110;10,3;0,655989366;;;;110;
ALOITUS;1;2;4;1;824;G120;110;9,3;0,592301078;;;;110;
ALOITUS;1;2;4;1;824;G120;123;22,7;1,026136561;;;;110;
ALOITUS;1;2;4;1;824;G120;106;9,2;0,656472298;;;;110;
ALOITUS;1;2;4;1;824;G120;112;13,9;0,837643298;;;;110;
ALOITUS;1;2;4;1;824;G120;105;8,6;0,631772037;;;;110;
ALOITUS;1;2;4;1;824;G120;120;16,2;0,789959628;;;;110;
ALOITUS;1;2;4;1;824;G120;110;10,6;0,675095852;;;;110;
ALOITUS;1;2;4;1;824;G120;106;9,6;0,685014572;;;;110;
ALOITUS;1;2;4;1;824;G120;100;7,5;0,639957692;;;;110;
ALOITUS;1;2;4;1;824;G120;110;10,5;0,668727024;;;;110;
ALOITUS;1;2;4;1;824;G120;120;13,6;0,663175984;;;;110;
ALOITUS;1;2;4;1;824;G120;116;12,8;0,692602735;;;;110;
ALOITUS;1;2;4;1;824;G120;111;9,9;0,613243639;;;;110;
ALOITUS;1;2;4;1;824;G120;112;9,2;0,554411392;;;;110;
ALOITUS;1;2;4;1;824;G120;112;10;0,602621078;;;;110;
ALOITUS;1;2;4;1;824;G120;119;13,3;0,665418415;;;;110;
ALOITUS;1;2;4;1;824;G120;116;12,6;0,681780817;;;;110;
ALOITUS;1;2;4;1;824;G120;123;14,8;0,669022956;;;;110;
ALOITUS;1;2;4;1;824;G120;110;10,6;0,675095852;;;;110;
ALOITUS;1;2;4;1;824;G120;111;12,2;0,755714383;;;;110;
ALOITUS;1;2;4;1;824;G120;106;9,1;0,64933673;;;;110;
ALOITUS;1;2;4;1;824;G120;110;10,5;0,668727024;;;;110;
ALOITUS;1;2;4;1;824;G120;106;9;0,642201161;;;;110;
ALOITUS;1;2;4;1;824;G120;113;14;0,820965808;;;;110;
ALOITUS;1;2;4;1;824;G120;110;12,4;0,789734771;;;;110;
ALOITUS;1;2;4;1;824;G120;104;9,9;0,748947558;;;;110;
ALOITUS;1;2;4;1;824;G120;113;14,3;0,838557932;;;;110;
ALOITUS;1;2;4;1;824;G120;105;8,7;0,639118223;;;;110;
ALOITUS;1;2;4;1;824;G120;110;9,6;0,611407564;;;;110;
ALOITUS;1;2;4;1;824;G120;113;11,2;0,656772646;;;;110;
ALOITUS;1;2;4;1;824;G120;104;8,8;0,665731163;;;;110;
ALOITUS;1;2;4;1;824;G120;110;9,8;0,624145222;;;;110;
ALOITUS;1;2;4;1;824;G120;116;15,3;0,827876706;;;;110;
ALOITUS;1;2;4;1;824;G120;111;13,1;0,811463805;;;;110;
ALOITUS;1;2;4;1;824;G120;103;9;0,701352295;;;;110;
ALOITUS;1;2;4;1;824;G120;107;8,6;0,596227883;;;;110;
ALOITUS;1;2;4;1;824;G120;112;11,4;0,686988029;;;;110;
ALOITUS;1;2;4;1;824;G120;106;9;0,642201161;;;;110;
ALOITUS;1;2;4;1;824;G120;113;13;0,762325393;;;;110;
ALOITUS;1;2;4;1;824;G120;115;12,7;0,705695766;;;;110;
ALOITUS;1;2;4;1;824;G120;102;9,8;0,786906119;;;;110;
ALOITUS;1;2;4;1;824;G120;115;10,1;0,561222617;;;;110;
ALOITUS;1;2;4;1;824;G120;108;9,4;0,633349389;;;;110;
ALOITUS;1;2;4;1;824;G120;105;10,3;0,756657207;;;;110;
ALOITUS;1;2;4;1;824;G120;107;8,9;0,61702653;;;;110;
ALOITUS;1;2;4;1;824;G120;115;11,2;0,622345872;;;;110;
ALOITUS;1;2;4;1;824;G120;115;10,2;0,566779277;;;;110;
ALOITUS;1;2;4;1;824;G120;104;8,7;0,658166036;;;;110;
ALOITUS;1;2;4;1;824;G120;109;10,8;0,70738395;;;;110;
ALOITUS;1;2;4;1;824;G120;105;8,7;0,639118223;;;;110;
ALOITUS;1;2;4;1;824;G120;109;10,3;0,674634693;;;;110;
ALOITUS;1;2;4;1;824;G120;112;13;0,783407401;;;;110;
ALOITUS;1;2;4;1;824;G120;120;16,5;0,80458851;;;;110;
ALOITUS;1;2;4;1;824;G120;106;9,7;0,69215014;;;;110;
ALOITUS;1;2;4;1;824;G120;115;11,5;0,639015851;;;;110;
ALOITUS;1;2;4;1;824;G120;114;14,3;0,816187934;;;;110;
ALOITUS;1;2;4;1;824;G120;112;10,1;0,608647289;;;;110;
ALOITUS;1;2;4;1;824;G120;108;10,8;0,727678022;;;;110;
ALOITUS;1;2;4;1;824;G120;114;11,8;0,673497736;;;;110;
ALOITUS;1;2;4;1;824;G120;105;9;0,661156783;;;;110;
ALOITUS;1;2;4;1;824;G120;110;10,8;0,68783351;;;;110;
ALOITUS;1;1;3;1;823;G119;112;11;0,662883186;;;;100;
ALOITUS;1;1;3;1;823;;107;10;0,693288236;;;;100;
ALOITUS;1;1;3;1;823;;108;8,6;0,579447314;;;;100;
ALOITUS;1;1;3;1;823;;115;12,3;0,683469128;;;;100;
ALOITUS;1;1;3;1;823;;111;10,4;0,644215539;;;;100;
ALOITUS;1;1;3;1;823;;110;9,9;0,630514051;;;;100;
ALOITUS;1;1;3;1;823;;110;9,3;0,592301078;;;;100;
ALOITUS;1;1;3;1;823;;107;9,3;0,644758059;;;;100;
ALOITUS;1;1;3;1;823;;109;10;0,654985139;;;;100;
ALOITUS;1;1;3;1;823;;113;10,7;0,627452439;;;;100;
ALOITUS;1;1;3;1;823;;110;10;0,63688288;;;;100;
ALOITUS;1;1;3;1;823;;113;11,6;0,680228812;;;;100;
ALOITUS;1;1;3;1;823;;105;9,7;0,712580088;;;;100;
ALOITUS;1;1;3;1;823;;108;11,4;0,768104579;;;;100;
ALOITUS;1;1;3;1;823;;109;10,1;0,66153499;;;;100;
ALOITUS;1;1;3;1;823;;108;9,4;0,633349389;;;;100;
ALOITUS;1;1;3;1;823;;106;9,5;0,677879003;;;;100;
ALOITUS;1;1;3;1;823;;103;7,6;0,592253049;;;;100;
ALOITUS;1;1;3;1;823;;111;11,2;0,693770581;;;;100;
ALOITUS;1;1;3;1;823;;109;10;0,654985139;;;;100;
ALOITUS;1;1;3;1;823;;110;10;0,63688288;;;;100;
ALOITUS;1;1;3;1;823;;131;17,3;0,644526905;;;;100;
ALOITUS;1;1;3;1;823;;118;13,3;0,682876598;;;;100;
ALOITUS;1;1;3;1;823;;108;12,2;0,822006654;;;;100;
ALOITUS;1;1;3;1;823;;112;9,9;0,596594867;;;;100;
ALOITUS;1;1;3;1;823;;109;10;0,654985139;;;;100;
ALOITUS;1;1;3;1;823;;106;9,5;0,677879003;;;;100;
ALOITUS;1;1;3;1;823;;111;10,7;0,66279868;;;;100;
ALOITUS;1;1;3;1;823;;116;11,4;0,61684931;;;;100;
ALOITUS;1;1;3;1;823;;105;8;0,587694918;;;;100;
ALOITUS;1;1;3;1;823;;110;9,7;0,617776393;;;;100;
ALOITUS;1;1;3;1;823;;105;9,2;0,675849156;;;;100;
ALOITUS;1;1;3;1;823;;108;9,1;0,613136111;;;;100;
ALOITUS;1;1;3;1;823;;108;9,1;0,613136111;;;;100;
ALOITUS;1;1;3;1;823;;106;9,8;0,699285709;;;;100;
ALOITUS;1;1;3;1;823;;105;8,6;0,631772037;;;;100;
ALOITUS;1;1;3;1;823;;104;9,5;0,718687051;;;;100;
ALOITUS;1;1;3;1;823;;110;10,5;0,668727024;;;;100;
ALOITUS;1;1;3;1;823;;106;9,1;0,64933673;;;;100;
ALOITUS;1;1;3;1;823;;108;9,6;0,646824908;;;;100;
ALOITUS;1;1;3;1;823;;110;9,8;0,624145222;;;;100;
ALOITUS;1;1;3;1;823;;108;9;0,606398351;;;;100;
ALOITUS;1;1;3;1;823;;103;7,9;0,615631459;;;;100;
ALOITUS;1;1;3;1;823;;104;8,8;0,665731163;;;;100;
ALOITUS;1;1;3;1;823;;104;7,4;0,559819387;;;;100;
ALOITUS;1;1;3;1;823;;102;8,2;0,658431651;;;;100;
ALOITUS;1;1;3;1;823;;103;8;0,623424262;;;;100;
ALOITUS;1;1;3;1;823;;105;9,2;0,675849156;;;;100;
ALOITUS;1;1;3;1;823;;113;11,1;0,650908605;;;;100;
ALOITUS;1;1;3;1;823;;110;9,8;0,624145222;;;;100;
ALOITUS;1;1;3;1;823;;105;9,4;0,690541529;;;;100;
ALOITUS;1;1;3;1;823;;107;9,1;0,630892295;;;;100;
ALOITUS;1;1;3;1;823;;107;8,4;0,582362118;;;;100;
ALOITUS;1;1;3;1;823;;114;14;0,79906511;;;;100;
ALOITUS;1;1;3;1;823;;105;9,4;0,690541529;;;;100;
ALOITUS;1;1;3;1;823;;110;9,7;0,617776393;;;;100;
ALOITUS;1;1;3;1;823;;113;12,5;0,733005186;;;;100;
ALOITUS;1;1;3;1;823;;109;10,2;0,668084842;;;;100;
ALOITUS;1;1;3;1;823;;103;8,3;0,646802672;;;;100;
ALOITUS;1;1;3;1;823;;103;10,7;0,83382995;;;;100;
ALOITUS;1;1;3;1;823;;110;10,7;0,681464681;;;;100;
ALOITUS;1;1;3;1;823;;105;9,6;0,705233902;;;;100;
ALOITUS;1;1;3;1;823;;110;14,1;0,89800486;;;;100;
ALOITUS;1;1;3;1;823;;109;9,5;0,622235882;;;;100;
ALOITUS;1;1;3;1;823;;112;10,2;0,6146735;;;;100;
ALOITUS;1;1;3;1;823;;110;10,7;0,681464681;;;;100;
ALOITUS;1;1;3;1;823;;111;13,3;0,823852565;;;;100;
ALOITUS;1;1;3;1;823;;106;8,8;0,627930024;;;;100;
ALOITUS;1;1;3;1;823;;105;8,1;0,595041104;;;;100;
ALOITUS;1;1;3;1;823;;110;11;0,700571168;;;;100;
ALOITUS;1;1;3;1;823;;108;10,4;0,700726984;;;;100;
ALOITUS;1;1;3;1;823;;104;9,1;0,688426544;;;;100;
ALOITUS;1;1;3;1;823;;111;13,4;0,830046945;;;;100;
ALOITUS;1;1;3;1;823;;107;9,2;0,637825177;;;;100;
ALOITUS;1;1;3;1;823;;112;15,7;0,946115093;;;;100;
ALOITUS;1;1;3;1;823;;103;8,8;0,685766688;;;;100;
ALOITUS;1;1;3;1;823;;112;10,3;0,62069971;;;;100;
ALOITUS;1;1;3;1;823;;119;14,2;0,710446729;;;;100;
ALOITUS;1;1;3;1;823;;110;10,9;0,694202339;;;;100;
ALOITUS;1;1;3;1;823;;117;10,9;0,57446057;;;;100;
ALOITUS;1;1;3;1;823;;103;8,5;0,662388278;;;;100;
ALOITUS;1;1;3;1;823;;112;12,5;0,753276348;;;;100;
ALOITUS;1;1;3;1;823;;111;9,7;0,600854878;;;;100;
ALOITUS;1;1;3;1;823;;112;10,9;0,656856975;;;;100;
ALOITUS;1;1;3;1;823;;110;10,2;0,649620537;;;;100;
ALOITUS;1;1;3;1;823;;112;12,3;0,741223926;;;;100;
ALOITUS;1;1;3;1;823;;112;10,2;0,6146735;;;;100;
ALOITUS;1;1;3;1;823;;112;11,5;0,69301424;;;;100;
ALOITUS;1;1;3;1;823;;105;8,3;0,609733477;;;;100;
ALOITUS;1;1;3;1;823;;109;8,1;0,530537962;;;;100;
ALOITUS;1;1;3;1;823;;110;9,5;0,605038736;;;;100;
ALOITUS;1;1;3;1;823;;105;7,1;0,52157924;;;;100;
ALOITUS;1;1;3;1;823;;112;11,5;0,69301424;;;;100;
ALOITUS;1;1;3;1;823;;110;9,3;0,592301078;;;;100;
ALOITUS;1;1;3;1;823;;119;13,6;0,680427853;;;;100;
ALOITUS;1;1;3;1;823;;107;9,2;0,637825177;;;;100;
ALOITUS;1;1;3;1;823;;104;8,8;0,665731163;;;;100;
ALOITUS;1;1;3;1;823;;115;10,3;0,572335936;;;;100;
ALOITUS;1;1;3;1;823;;111;11;0,681381821;;;;100;
ALOITUS;1;1;3;1;823;;103;8,1;0,631217065;;;;100;
ALOITUS;1;2;4;2;818;;119;13,4;0,670421561;;;;110;
ALOITUS;1;2;4;2;818;;110;9,6;0,611407564;;;;110;
ALOITUS;1;2;4;2;818;;107;9,9;0,686355353;;;;110;
ALOITUS;1;2;4;2;818;;107;8,1;0,561563471;;;;110;
ALOITUS;1;2;4;2;818;;110;10,7;0,681464681;;;;110;
ALOITUS;1;2;4;2;818;;105;8,7;0,639118223;;;;110;
ALOITUS;1;2;4;2;818;;115;12,5;0,694582447;;;;110;
ALOITUS;1;2;4;2;818;;113;11,5;0,674364771;;;;110;
ALOITUS;1;2;4;2;818;;112;10,7;0,644804554;;;;110;
ALOITUS;1;2;4;2;818;;102;8,1;0,650401997;;;;110;
ALOITUS;1;2;4;2;818;;109;9,8;0,641885436;;;;110;
ALOITUS;1;2;4;2;818;;105;12;0,881542377;;;;110;
ALOITUS;1;2;4;2;818;;110;10,9;0,694202339;;;;110;
ALOITUS;1;2;4;2;818;;112;11,7;0,705066661;;;;110;
ALOITUS;1;2;4;2;818;;111;14,5;0,898185127;;;;110;
ALOITUS;1;2;4;2;818;;112;10,8;0,650830764;;;;110;
ALOITUS;1;2;4;2;818;;109;9,7;0,635335585;;;;110;
ALOITUS;1;2;4;2;818;;103;8,7;0,677973885;;;;110;
ALOITUS;1;2;4;2;818;;119;14,7;0,735462459;;;;110;
ALOITUS;1;2;4;2;818;;114;13,6;0,776234678;;;;110;
ALOITUS;1;2;4;2;818;;108;9,3;0,62661163;;;;110;
ALOITUS;1;2;4;2;818;;111;11,7;0,724742482;;;;110;
ALOITUS;1;2;4;2;818;;107;9,4;0,651690942;;;;110;
ALOITUS;1;2;4;2;818;;111;11,1;0,687576201;;;;110;
ALOITUS;1;2;4;2;818;;100;10,5;0,895940769;;;;110;
ALOITUS;1;2;4;2;818;;108;10,8;0,727678022;;;;110;
ALOITUS;1;2;4;2;818;;109;10,1;0,66153499;;;;110;
ALOITUS;1;2;4;2;818;;113;12,2;0,715413061;;;;110;
ALOITUS;1;2;4;2;818;;109;9,9;0,648435287;;;;110;
ALOITUS;1;2;4;2;818;;102;8,2;0,658431651;;;;110;
ALOITUS;1;2;4;2;818;;111;11;0,681381821;;;;110;
ALOITUS;1;2;4;2;818;;110;11,9;0,757890627;;;;110;
ALOITUS;1;2;4;2;818;;109;8,7;0,569837071;;;;110;
ALOITUS;1;2;4;2;818;;110;14,1;0,89800486;;;;110;
ALOITUS;1;2;4;2;818;;102;8,6;0,690550268;;;;110;
ALOITUS;1;2;4;2;818;;106;9,1;0,64933673;;;;110;
ALOITUS;1;2;4;2;818;;110;10;0,63688288;;;;110;
ALOITUS;1;2;4;2;818;;105;8,6;0,631772037;;;;110;
ALOITUS;1;2;4;2;818;;107;9,5;0,658623824;;;;110;
ALOITUS;1;2;4;2;818;;108;10,3;0,693989224;;;;110;
ALOITUS;1;2;4;2;818;;110;10;0,63688288;;;;110;
ALOITUS;1;2;4;2;818;;112;9,7;0,584542446;;;;110;
ALOITUS;1;2;4;2;818;;110;9;0,573194592;;;;110;
ALOITUS;1;2;4;2;818;;112;10,8;0,650830764;;;;110;
ALOITUS;1;2;4;2;818;;105;9;0,661156783;;;;110;
ALOITUS;1;2;4;2;818;;110;10,5;0,668727024;;;;110;
ALOITUS;1;2;4;2;818;;105;9,7;0,712580088;;;;110;
ALOITUS;1;2;4;2;818;;113;11,2;0,656772646;;;;110;
ALOITUS;1;2;4;2;818;;115;10,7;0,594562574;;;;110;
ALOITUS;1;2;4;2;818;;105;9,5;0,697887715;;;;110;
ALOITUS;1;2;4;2;818;;108;10,8;0,727678022;;;;110;
ALOITUS;1;2;4;2;818;;107;8,8;0,610093647;;;;110;
ALOITUS;1;2;4;2;818;;106;11,3;0,806319236;;;;110;
ALOITUS;1;2;4;2;818;;106;9,5;0,677879003;;;;110;
ALOITUS;1;2;4;2;818;;109;10,3;0,674634693;;;;110;
ALOITUS;1;2;4;2;818;;109;11,8;0,772882464;;;;110;
ALOITUS;1;2;4;2;818;;106;9,3;0,663607867;;;;110;
ALOITUS;1;2;4;2;818;;105;9,7;0,712580088;;;;110;
ALOITUS;1;2;4;2;818;;106;10,1;0,720692414;;;;110;
ALOITUS;1;2;4;2;818;;107;9,1;0,630892295;;;;110;
ALOITUS;1;2;4;2;818;;109;10,2;0,668084842;;;;110;
ALOITUS;1;2;4;2;818;;110;12,4;0,789734771;;;;110;
ALOITUS;1;2;4;2;818;;106;8,7;0,620794456;;;;110;
ALOITUS;1;2;4;2;818;;110;10,4;0,662358195;;;;110;
ALOITUS;1;2;4;2;818;;110;10,5;0,668727024;;;;110;
ALOITUS;1;2;4;2;818;;115;11,8;0,65568583;;;;110;
ALOITUS;1;2;4;2;818;;110;9,8;0,624145222;;;;110;
ALOITUS;1;2;4;2;818;;110;9;0,573194592;;;;110;
ALOITUS;1;2;4;2;818;;110;9,3;0,592301078;;;;110;
ALOITUS;1;2;4;2;818;;105;9,5;0,697887715;;;;110;
ALOITUS;1;2;4;2;818;;107;11,4;0,790348589;;;;110;
ALOITUS;1;2;4;2;818;;110;10,6;0,675095852;;;;110;
ALOITUS;1;2;4;2;818;;112;11,3;0,680961818;;;;110;
ALOITUS;1;2;4;2;818;;119;15,3;0,765481335;;;;110;
ALOITUS;1;2;4;2;818;;100;7,3;0,622892153;;;;110;
ALOITUS;1;2;4;2;818;;106;9,1;0,64933673;;;;110;
ALOITUS;1;2;4;2;818;;112;11,5;0,69301424;;;;110;
ALOITUS;1;2;4;2;818;;110;10,6;0,675095852;;;;110;
ALOITUS;1;2;4;2;818;;112;10,6;0,638778343;;;;110;
ALOITUS;1;2;4;2;818;;113;11,9;0,697820937;;;;110;
ALOITUS;1;2;4;2;818;;106;10,1;0,720692414;;;;110;
ALOITUS;1;2;4;2;818;;113;10,3;0,603996273;;;;110;
ALOITUS;1;2;4;2;818;;100;8,8;0,750883692;;;;110;
ALOITUS;1;2;4;2;818;;120;17,1;0,833846274;;;;110;
ALOITUS;1;2;4;2;818;;110;9,5;0,605038736;;;;110;
ALOITUS;1;2;4;2;818;;104;8,8;0,665731163;;;;110;
ALOITUS;1;2;4;2;818;;104;8,8;0,665731163;;;;110;
ALOITUS;1;2;4;2;818;;105;8,9;0,653810596;;;;110;
ALOITUS;1;2;4;2;818;;113;10;0,586404148;;;;110;
ALOITUS;1;2;4;2;818;;105;8,1;0,595041104;;;;110;
ALOITUS;1;2;4;2;818;;100;8,1;0,691154307;;;;110;
ALOITUS;1;2;4;2;818;;110;10,5;0,668727024;;;;110;
ALOITUS;1;2;4;2;818;;112;10,2;0,6146735;;;;110;
ALOITUS;1;2;4;2;818;;106;10,4;0,74209912;;;;110;
ALOITUS;1;2;4;2;818;;108;9;0,606398351;;;;110;
ALOITUS;1;2;4;2;818;;103;8,3;0,646802672;;;;110;
ALOITUS;1;2;4;2;818;;107;9,2;0,637825177;;;;110;
ALOITUS;1;2;4;2;818;;115;14,8;0,822385617;;;;110;
ALOITUS;1;2;4;2;818;;110;9,2;0,585932249;;;;110;
ALOITUS;1;2;4;2;818;;112;10,5;0,632752132;;;;110;
ALOITUS;1;2;4;2;818;;109;10,9;0,713933801;;;;110;
ALOITUS;1;2;4;2;818;;110;9,4;0,598669907;;;;110;
ALOITUS;1;2;4;2;818;;109;11,5;0,75323291;;;;110;
ALOITUS;1;2;4;2;818;;109;10,2;0,668084842;;;;110;
ALOITUS;1;2;4;2;818;;104;7,4;0,559819387;;;;110;
ALOITUS;1;2;4;2;818;;113;11,6;0,680228812;;;;110;
ALOITUS;1;2;4;2;818;;110;10,4;0,662358195;;;;110;
ALOITUS;1;2;4;2;818;;110;9,3;0,592301078;;;;110;
ALOITUS;1;2;4;2;818;;110;10,1;0,643251708;;;;110;
ALOITUS;1;2;4;2;818;;110;10,1;0,643251708;;;;110;
ALOITUS;1;1;3;2;817;;110;11,7;0,745152969;;;;100;
ALOITUS;1;1;3;2;817;;110;9,1;0,579563421;;;;100;
ALOITUS;1;1;3;2;817;;109;12,9;0,844930829;;;;100;
ALOITUS;1;1;3;2;817;;107;8,2;0,568496353;;;;100;
ALOITUS;1;1;3;2;817;;105;9,1;0,668502969;;;;100;
ALOITUS;1;1;3;2;817;;115;11,4;0,633459191;;;;100;
ALOITUS;1;1;3;2;817;;132;23,8;0,866236369;;;;100;
ALOITUS;1;1;3;2;817;;122;18,1;0,838953764;;;;100;
ALOITUS;1;1;3;2;817;;109;9,2;0,602586328;;;;100;
ALOITUS;1;1;3;2;817;;106;8,8;0,627930024;;;;100;
ALOITUS;1;1;3;2;817;;110;9;0,573194592;;;;100;
ALOITUS;1;1;3;2;817;;110;9,5;0,605038736;;;;100;
ALOITUS;1;1;3;2;817;;127;17,6;0,721171226;;;;100;
ALOITUS;1;1;3;2;817;;96;7,5;0,725369438;;;;100;
ALOITUS;1;1;3;2;817;;114;12,1;0,69062056;;;;100;
ALOITUS;1;1;3;2;817;;110;11,8;0,751521798;;;;100;
ALOITUS;1;1;3;2;817;;114;10,7;0,610714049;;;;100;
ALOITUS;1;1;3;2;817;;118;15,5;0,795833629;;;;100;
ALOITUS;1;1;3;2;817;;109;10,8;0,70738395;;;;100;
ALOITUS;1;1;3;2;817;;106;9,4;0,670743435;;;;100;
ALOITUS;1;1;3;2;817;;110;9;0,573194592;;;;100;
ALOITUS;1;1;3;2;817;;120;16,8;0,819217392;;;;100;
ALOITUS;1;1;3;2;817;;109;9,7;0,635335585;;;;100;
ALOITUS;1;1;3;2;817;;110;9;0,573194592;;;;100;
ALOITUS;1;1;3;2;817;;117;14,2;0,748379825;;;;100;
ALOITUS;1;1;3;2;817;;111;11,9;0,737131242;;;;100;
ALOITUS;1;1;3;2;817;;108;9,3;0,62661163;;;;100;
ALOITUS;1;1;3;2;817;;110;10,3;0,655989366;;;;100;
ALOITUS;1;1;3;2;817;;107;9,4;0,651690942;;;;100;
ALOITUS;1;1;3;2;817;;107;9,6;0,665556706;;;;100;
ALOITUS;1;1;3;2;817;;105;8,5;0,62442585;;;;100;
ALOITUS;1;1;3;2;817;;115;11,9;0,661242489;;;;100;
ALOITUS;1;1;3;2;817;;126;15,6;0,654917249;;;;100;
ALOITUS;1;1;3;2;817;;110;11,8;0,751521798;;;;100;
ALOITUS;1;1;3;2;817;;105;8;0,587694918;;;;100;
ALOITUS;1;1;3;2;817;;113;10,9;0,639180522;;;;100;
ALOITUS;1;1;3;2;817;;106;9,3;0,663607867;;;;100;
ALOITUS;1;1;3;2;817;;113;10,7;0,627452439;;;;100;
ALOITUS;1;1;3;2;817;;112;10,5;0,632752132;;;;100;
ALOITUS;1;1;3;2;817;;106;9,4;0,670743435;;;;100;
ALOITUS;1;1;3;2;817;;112;10,1;0,608647289;;;;100;
ALOITUS;1;1;3;2;817;;105;9,4;0,690541529;;;;100;
ALOITUS;1;1;3;2;817;;109;12,5;0,818731423;;;;100;
ALOITUS;1;1;3;2;817;;106;9,6;0,685014572;;;;100;
ALOITUS;1;1;3;2;817;;110;9,1;0,579563421;;;;100;
ALOITUS;1;1;3;2;817;;112;10;0,602621078;;;;100;
ALOITUS;1;1;3;2;817;;105;9,3;0,683195342;;;;100;
ALOITUS;1;1;3;2;817;;113;9,5;0,557083941;;;;100;
ALOITUS;1;1;3;2;817;;111;9,8;0,607049258;;;;100;
ALOITUS;1;1;3;2;817;;114;9,7;0,553637969;;;;100;
ALOITUS;1;1;3;2;817;;103;9,3;0,724730704;;;;100;
ALOITUS;1;1;3;2;817;;112;10,3;0,62069971;;;;100;
ALOITUS;1;1;3;2;817;;110;9,7;0,617776393;;;;100;
ALOITUS;1;1;3;2;817;;116;12,5;0,676369858;;;;100;
ALOITUS;1;1;3;2;817;;110;9,5;0,605038736;;;;100;
ALOITUS;1;1;3;2;817;;106;9,5;0,677879003;;;;100;
ALOITUS;1;1;3;2;817;;106;8,9;0,635065593;;;;100;
ALOITUS;1;1;3;2;817;;106;9,1;0,64933673;;;;100;
ALOITUS;1;1;3;2;817;;109;12,5;0,818731423;;;;100;
ALOITUS;1;1;3;2;817;;110;11,3;0,719677654;;;;100;
ALOITUS;1;1;3;2;817;;109;13,9;0,910429343;;;;100;
ALOITUS;1;1;3;2;817;;106;9,2;0,656472298;;;;100;
ALOITUS;1;1;3;2;817;;110;11,7;0,745152969;;;;100;
ALOITUS;1;1;3;2;817;;111;9,7;0,600854878;;;;100;
ALOITUS;1;1;3;2;817;;110;11,1;0,706939996;;;;100;
ALOITUS;1;1;3;2;817;;118;17,1;0,877984198;;;;100;
ALOITUS;1;1;3;2;817;;105;8,5;0,62442585;;;;100;
ALOITUS;1;1;3;2;817;;111;9,2;0,569882977;;;;100;
ALOITUS;1;1;3;2;817;;110;13,3;0,84705423;;;;100;
ALOITUS;1;1;3;2;817;;110;8,2;0,522243961;;;;100;
ALOITUS;1;1;3;2;817;;106;8,1;0,577981045;;;;100;
ALOITUS;1;1;3;2;817;;106;9;0,642201161;;;;100;
ALOITUS;1;1;3;2;817;;110;14;0,891636032;;;;100;
ALOITUS;1;1;3;2;817;;114;10,1;0,576468401;;;;100;
ALOITUS;1;1;3;2;817;;108;10,1;0,680513706;;;;100;
ALOITUS;1;1;3;2;817;;105;8,3;0,609733477;;;;100;
ALOITUS;1;1;3;2;817;;104;8,7;0,658166036;;;;100;
ALOITUS;1;1;3;2;817;;113;10,7;0,627452439;;;;100;
ALOITUS;1;1;3;2;817;;107;9;0,623959412;;;;100;
ALOITUS;1;1;3;2;817;;110;10,2;0,649620537;;;;100;
ALOITUS;1;1;3;2;817;;106;8,2;0,585116613;;;;100;
ALOITUS;1;1;3;2;817;;110;10,3;0,655989366;;;;100;
ALOITUS;1;1;3;2;817;;112;10,1;0,608647289;;;;100;
ALOITUS;1;1;3;2;817;;111;10,1;0,625632399;;;;100;
ALOITUS;1;1;3;2;817;;100;8,2;0,699687076;;;;100;
ALOITUS;1;1;3;2;817;;105;8,6;0,631772037;;;;100;
ALOITUS;1;1;3;2;817;;105;8,7;0,639118223;;;;100;
ALOITUS;1;1;3;2;817;;107;9,1;0,630892295;;;;100;
ALOITUS;1;1;3;2;817;;107;10;0,693288236;;;;100;
ALOITUS;1;1;3;2;817;;107;9,8;0,679422471;;;;100;
ALOITUS;1;1;3;2;817;;110;9,9;0,630514051;;;;100;
ALOITUS;1;1;3;2;817;;105;7,9;0,580348731;;;;100;
ALOITUS;1;1;3;2;817;;112;13,8;0,831617088;;;;100;
ALOITUS;1;1;3;2;817;;115;15,2;0,844612255;;;;100;
ALOITUS;1;1;3;2;817;;112;8,6;0,518254127;;;;100;
ALOITUS;1;1;3;2;817;;110;9,4;0,598669907;;;;100;
ALOITUS;1;1;3;2;817;;110;9,5;0,605038736;;;;100;
ALOITUS;1;1;3;2;817;;111;9,4;0,582271738;;;;100;
ALOITUS;1;1;3;2;817;;107;10,2;0,707154;;;;100;
ALOITUS;1;1;3;2;817;;117;11,4;0,600811973;;;;100;
LOPETUS;2;2;2;1;819;G115;107;8,1;0,561563471;1;0;;;
LOPETUS;2;2;2;1;819;G115;155;41,5;0,922629305;1;0;;;
LOPETUS;2;2;2;1;819;G115;141;31,6;0,939370799;1;1;;;
LOPETUS;2;2;2;1;819;G115;144;33,2;0,925183435;1;0;;;
LOPETUS;2;2;2;1;819;G115;138;32,2;1,022514663;1;0;;;
LOPETUS;2;2;2;1;819;G115;147;37,7;0,986164826;0;1;;;
LOPETUS;2;2;2;1;819;G115;155;39;0,867049227;1;1;;;
LOPETUS;2;2;2;1;819;G115;88;5,5;0,694752906;0;1;;;
LOPETUS;2;2;2;1;819;G115;103;7,5;0,584460245;1;0;;;
LOPETUS;2;2;2;1;819;G115;100;8,3;0,708219846;1;0;;;
LOPETUS;2;2;2;1;819;G115;104;9,7;0,733817305;1;0;;;
LOPETUS;2;2;2;1;819;G115;112;9,1;0,548385181;1;0;;;
LOPETUS;2;2;2;1;819;G115;107;7,8;0,540764824;0;0;;;
LOPETUS;2;2;2;1;819;G115;109;9,3;0,609136179;1;0;;;
LOPETUS;2;2;2;1;819;G115;101;7,8;0,645539313;0;0;;;
LOPETUS;2;2;2;1;819;G115;90;5,3;0,624872612;0;0;;;
LOPETUS;1;2;4;1;824;G120;105;7;0,514233053;0;0;;;
LOPETUS;1;2;4;1;824;G120;112;10,2;0,6146735;0;1;;;
LOPETUS;1;2;4;1;824;G120;135;27,1;0,920612114;0;1;;;
LOPETUS;1;2;4;1;824;G120;109;8,8;0,576386922;0;0;;;
LOPETUS;1;2;4;1;824;G120;105;7,6;0,558310172;0;0;;;
LOPETUS;1;2;4;1;824;G120;100;6,1;0,520498923;0;0;;;
LOPETUS;1;2;4;1;824;G120;114;8,9;0,507977106;0;0;;;
LOPETUS;1;2;4;1;824;G120;109;8,4;0,550187517;0;0;;;
LOPETUS;1;2;4;1;824;G120;111;10,2;0,631826779;1;0;;;
LOPETUS;1;2;4;1;824;G120;107;7,3;0,506100412;0;0;;;
LOPETUS;1;2;4;1;824;G120;103;5,9;0,459775393;0;0;;;
LOPETUS;1;2;4;1;824;G120;118;11;0,564785156;1;0;;;
LOPETUS;1;2;4;1;824;G120;106;10,2;0,727827983;1;0;;;
LOPETUS;1;2;4;1;824;G120;140;30,1;0,914540001;0;1;;;
LOPETUS;1;2;4;1;824;G120;112;9,4;0,566463813;0;0;;;
LOPETUS;1;2;4;1;824;G120;100;5,8;0,494900615;0;0;;;
LOPETUS;1;2;4;1;824;G120;108;7,6;0,512069719;0;0;;;
LOPETUS;1;2;4;1;824;G120;150;39,1;0,961299091;0;1;;;
LOPETUS;1;2;4;1;824;G120;135;28,5;0,968171412;0;1;;;
LOPETUS;1;2;4;1;824;G120;147;38;0,994012292;0;1;;;
LOPETUS;1;2;4;1;824;G120;160;47,9;0,966050117;0;1;;;
LOPETUS;1;2;4;1;824;G120;162;49,5;0,960975854;1;1;;;
LOPETUS;1;2;4;1;824;G120;155;48,8;1,084923135;1;0;;;
LOPETUS;1;2;4;1;824;G120;158;47,5;0,995687119;0;1;;;
LOPETUS;1;2;4;1;824;G120;110;8,5;0,541350448;1;0;;;
LOPETUS;1;2;4;1;824;G120;110;9,6;0,611407564;0;0;;;
LOPETUS;1;2;4;1;824;G120;155;50,6;1,124940791;1;1;;;
LOPETUS;1;2;4;1;824;G120;113;9,9;0,580540107;0;0;;;
LOPETUS;1;2;4;1;824;G120;161;53,7;1,062513083;0;1;;;
LOPETUS;1;2;4;1;824;G120;168;55,9;0,970617015;1;1;;;
LOPETUS;1;2;4;1;824;G120;158;49,3;1,033418421;1;0;;;
LOPETUS;1;2;4;1;824;G120;142;38,7;1,125749446;0;1;;;
LOPETUS;1;2;4;1;824;G120;155;43,7;0,971539774;0;1;;;
LOPETUS;1;2;4;1;824;G120;118;11,6;0,595591619;1;0;;;
LOPETUS;1;2;4;1;824;G120;102;9;0,722668885;0;0;;;
LOPETUS;1;2;4;1;824;G120;158;45,9;0,962148185;1;0;;;
LOPETUS;1;2;4;1;824;G120;112;12,8;0,77135498;0;1;;;
LOPETUS;1;2;4;1;824;G120;142;34,2;0,994848348;0;1;;;
LOPETUS;1;2;4;1;824;G120;164;50,6;0,946028202;0;1;;;
LOPETUS;1;2;4;1;824;G120;110;9,2;0,585932249;1;0;;;
LOPETUS;1;2;4;1;824;G120;110;5,9;0,375760899;0;0;;;
LOPETUS;1;2;4;1;824;G120;105;7,4;0,543617799;0;0;;;
LOPETUS;1;2;4;1;824;G120;108;7,2;0,485118681;0;0;;;
LOPETUS;1;2;4;1;824;G120;157;45,2;0,966117686;1;0;;;
LOPETUS;1;2;4;1;824;G120;134;25,9;0,900153506;0;1;;;
LOPETUS;1;2;4;1;824;G120;105;9;0,661156783;1;0;;;
LOPETUS;1;2;4;1;824;G120;119;11,6;0,580364934;1;0;;;
LOPETUS;1;2;4;1;824;G120;153;46,7;1,080452059;0;1;;;
LOPETUS;1;2;4;1;824;G120;144;32,1;0,894529766;0;1;;;
LOPETUS;1;2;4;1;824;G120;147;37,1;0,970469895;0;1;;;
LOPETUS;1;2;4;1;824;G120;169;55,3;0,942868973;1;1;;;
LOPETUS;1;2;4;1;824;G120;177;68,2;1,008943247;1;1;;;
LOPETUS;1;2;4;1;824;G120;195;100,4;1,10340156;1;1;;;
LOPETUS;1;2;4;1;824;G120;169;69,9;1,191800022;1;0;;;
LOPETUS;1;2;4;1;824;G120;170;66,6;1,11516012;1;0;;;
LOPETUS;1;2;4;1;824;G120;174;66;1,028987128;1;1;;;
LOPETUS;1;1;3;1;823;G119;111;11,2;0,693770581;1;0;;;
LOPETUS;1;1;3;1;823;G119;138;28,5;0,905020742;0;1;;;
LOPETUS;1;1;3;1;823;G119;112;12;0,723145294;1;0;;;
LOPETUS;1;1;3;1;823;G119;138;27,8;0,882792163;0;1;;;
LOPETUS;1;1;3;1;823;G119;143;32,6;0,928101087;0;1;;;
LOPETUS;1;1;3;1;823;G119;147;37,1;0,970469895;1;1;;;
LOPETUS;1;1;3;1;823;G119;160;50,3;1,014453463;1;1;;;
LOPETUS;1;1;3;1;823;G119;141;33,2;0,986933877;0;1;;;
LOPETUS;1;1;3;1;823;G119;152;39;0,920646702;0;1;;;
LOPETUS;1;1;3;1;823;G119;110;8,9;0,566825763;1;0;;;
LOPETUS;1;1;3;1;823;G119;162;45,8;0,889145336;1;1;;;
LOPETUS;1;1;3;1;823;G119;134;27,7;0,962712437;0;1;;;
LOPETUS;1;1;3;1;823;G119;133;26;0,924642409;0;1;;;
LOPETUS;1;1;3;1;823;G119;105;7,2;0,528925426;0;0;;;
LOPETUS;1;1;3;1;823;G119;111;8,5;0,526522316;1;0;;;
LOPETUS;1;1;3;1;823;G119;103;7,1;0,553289032;0;0;;;
LOPETUS;1;1;3;1;823;G119;151;39,3;0,946713145;0;1;;;
LOPETUS;1;1;3;1;823;G119;135;27,1;0,920612114;1;0;;;
LOPETUS;1;1;3;1;823;G119;146;36,2;0,966973223;0;1;;;
LOPETUS;1;1;3;1;823;G119;114;11,3;0,644959696;1;0;;;
LOPETUS;1;1;3;1;823;G119;138;29,7;0,943126879;0;1;;;
LOPETUS;1;1;3;1;823;G119;145;34,8;0,949391564;0;1;;;
LOPETUS;1;1;3;1;823;G119;107;9,5;0,658623824;0;1;;;
LOPETUS;1;1;3;1;823;G119;112;10,9;0,656856975;0;1;;;
LOPETUS;1;1;3;1;823;G119;110;8,4;0,534981619;1;0;;;
LOPETUS;1;1;3;1;823;G119;127;22,6;0,926049415;1;0;;;
LOPETUS;1;1;3;1;823;G119;143;34,4;0,979345932;0;1;;;
LOPETUS;1;1;3;1;823;G119;140;31,5;0,957076745;0;1;;;
LOPETUS;1;1;3;1;823;G119;166;58;1,044782961;1;1;;;
LOPETUS;2;2;2;2;820;G116;105;8,3;0,609733477;1;0;;;
LOPETUS;2;2;2;2;820;G116;105;6,1;0,448117375;0;0;;;
LOPETUS;2;2;2;2;820;G116;104;6,5;0,491733245;0;0;;;
LOPETUS;2;2;2;2;820;G116;118;10,7;0,549381925;0;0;;;
LOPETUS;2;2;2;2;820;G116;140;33,7;1,0239202;1;0;;;
LOPETUS;2;2;2;2;820;G116;108;7,7;0,518807479;0;0;;;
LOPETUS;2;2;2;2;820;G116;105;6,8;0,49954068;0;0;;;
LOPETUS;2;2;2;2;820;G116;145;35,1;0,957575974;1;0;;;
LOPETUS;2;2;2;2;820;G116;99;6,3;0,55440322;0;0;;;
LOPETUS;2;2;2;2;820;G116;148;38;0,973544294;1;0;;;
LOPETUS;2;2;2;2;820;G116;145;38;1,036691937;1;0;;;
LOPETUS;2;2;2;2;820;G116;143;32;0,911019472;0;1;;;
LOPETUS;2;2;2;2;820;G116;154;41,1;0,932068018;0;1;;;
LOPETUS;2;2;2;2;820;G116;107;7,1;0,492234647;0;0;;;
LOPETUS;2;2;2;2;820;G116;157;48,7;1,040927684;0;1;;;
LOPETUS;2;2;2;2;820;G116;139;30,1;0,934882316;1;0;;;
LOPETUS;2;2;2;2;820;G116;141;32,7;0,972070415;0;1;;;
LOPETUS;2;2;2;2;820;G116;114;8,7;0,49656189;1;0;;;
LOPETUS;2;2;2;2;820;G116;107;6,8;0,471436;0;0;;;
LOPETUS;2;2;2;2;820;G116;152;42,5;1,003268841;1;0;;;
LOPETUS;2;2;2;2;820;G116;102;6,7;0,537986837;0;0;;;
LOPETUS;2;2;2;2;820;G116;110;8,9;0,566825763;1;0;;;
LOPETUS;2;2;2;2;820;G116;105;7,1;0,52157924;1;0;;;
LOPETUS;2;1;1;1;822;G118;104;6,9;0,521993753;0;0;;;
LOPETUS;2;1;1;1;822;G118;104;6,6;0,499298372;0;0;;;
LOPETUS;2;1;1;1;822;G118;108;6,6;0,444692124;1;0;;;
LOPETUS;2;1;1;1;822;G118;106;8,1;0,577981045;1;0;;;
LOPETUS;2;1;1;1;822;G118;103;7,8;0,607838655;1;0;;;
LOPETUS;2;1;1;1;822;G118;109;6,7;0,438840043;1;0;;;
LOPETUS;2;1;1;1;822;G118;107;7,2;0,49916753;0;0;;;
LOPETUS;2;1;1;1;822;G118;121;21,4;1,01728566;0;1;;;
LOPETUS;2;1;1;1;822;G118;129;22,1;0,863162185;1;0;;;
LOPETUS;2;1;1;1;822;G118;127;22,6;0,926049415;0;1;;;
LOPETUS;2;1;1;1;822;G118;141;30,6;0,909643875;0;1;;;
LOPETUS;2;1;1;1;822;G118;135;25,6;0,869655724;0;1;;;
LOPETUS;2;1;1;1;822;G118;127;21,6;0,885073777;0;1;;;
LOPETUS;2;1;1;1;822;G118;125;21,1;0,907746007;1;0;;;
LOPETUS;2;1;1;1;822;G118;135;28;0,951185948;0;1;;;
LOPETUS;2;1;1;1;822;G118;142;32,7;0,951214648;1;0;;;
LOPETUS;2;1;1;1;822;G118;150;34,1;0,838370818;1;1;;;
LOPETUS;2;1;1;2;821;G117;102;7,1;0,570105454;1;0;;;
LOPETUS;2;1;1;2;821;G117;100;6;0,511966154;0;0;;;
LOPETUS;2;1;1;2;821;G117;101;6,7;0,554501717;1;0;;;
LOPETUS;2;1;1;2;821;G117;122;10,2;0,472780574;1;0;;;
LOPETUS;2;1;1;2;821;G117;128;24,4;0,976027554;0;1;;;
LOPETUS;2;1;1;2;821;G117;131;26,4;0,983555508;0;1;;;
LOPETUS;2;1;1;2;821;G117;150;38,8;0,953923394;1;1;;;
LOPETUS;2;1;1;2;821;G117;102;7,6;0,610253725;1;0;;;
LOPETUS;2;1;1;2;821;G117;105;8,3;0,609733477;1;0;;;
LOPETUS;2;1;1;2;821;G117;129;23,1;0,902219298;1;1;;;
LOPETUS;2;1;1;2;821;G117;143;39,6;1,127386597;1;0;;;
LOPETUS;2;1;1;2;821;G117;134;27,4;0,952285948;0;1;;;
LOPETUS;2;1;1;2;821;G117;134;26,1;0,907104498;1;0;;;
LOPETUS;2;1;1;2;821;G117;139;29,4;0,913140867;0;1;;;
LOPETUS;2;1;1;2;821;G117;98;5,2;0,472084485;1;0;;;
LOPETUS;2;1;1;2;821;G117;126;20,9;0,877421186;1;0;;;
LOPETUS;2;1;1;2;821;G117;143;38,1;1,084682559;1;1;;;
LOPETUS;2;1;1;2;821;G117;130;21,8;0,831504493;0;1;;;
LOPETUS;2;1;1;2;821;G117;139;28,1;0,87276389;0;1;;;
LOPETUS;2;1;1;2;821;G117;145;34,9;0,9521197;0;1;;;
LOPETUS;2;1;1;2;821;G117;135;30,2;1,025921987;1;0;;;
LOPETUS;2;1;1;2;821;G117;150;38,7;0,951464829;0;1;;;
LOPETUS;2;1;1;2;821;G117;155;44,8;0,995995009;0;1;;;
LOPETUS;2;1;1;2;821;G117;155;43,2;0,960423759;1;1;;;
LOPETUS;1;2;4;2;818;G114;118;10,9;0,559650746;1;0;;;
LOPETUS;1;2;4;2;818;G114;119;10,2;0,51032089;1;0;;;
LOPETUS;1;2;4;2;818;G114;115;14,1;0,783489;1;1;;;
LOPETUS;1;2;4;2;818;G114;110;8,3;0,52861279;1;0;;;
LOPETUS;1;2;4;2;818;G114;146;36,2;0,966973223;0;1;;;
LOPETUS;1;2;4;2;818;G114;147;39;1,02017051;0;1;;;
LOPETUS;1;2;4;2;818;G114;100;6;0,511966154;0;0;;;
LOPETUS;1;2;4;2;818;G114;112;10,3;0,62069971;1;0;;;
LOPETUS;1;2;4;2;818;G114;106;10,6;0,756370256;0;1;;;
LOPETUS;1;2;4;2;818;G114;141;37,2;1,105841573;0;1;;;
LOPETUS;1;2;4;2;818;G114;149;37,6;0,943593138;0;1;;;
LOPETUS;1;2;4;2;818;G114;114;10,8;0,616421656;0;1;;;
LOPETUS;1;2;4;2;818;G114;135;24,4;0,828890612;0;1;;;
LOPETUS;1;2;4;2;818;G114;127;22,2;0,90965916;0;1;;;
LOPETUS;1;2;4;2;818;G114;107;9,3;0,644758059;0;1;;;
LOPETUS;1;2;4;2;818;G114;109;10,3;0,674634693;1;0;;;
LOPETUS;1;2;4;2;818;G114;130;22,9;0,873461142;1;1;;;
LOPETUS;1;2;4;2;818;G114;146;30,6;0,817386205;1;1;;;
LOPETUS;1;2;4;2;818;G114;135;28,4;0,964774319;0;1;;;
LOPETUS;1;2;4;2;818;G114;158;49,2;1,031322237;0;1;;;
LOPETUS;1;2;4;2;818;G114;145;37,1;1,012138707;0;1;;;
LOPETUS;1;2;4;2;818;G114;148;36,7;0,940238831;0;1;;;
LOPETUS;1;2;4;2;818;G114;146;35,6;0,950946042;1;0;;;
LOPETUS;1;2;4;2;818;G114;147;36,8;0,96262243;0;1;;;
LOPETUS;1;2;4;2;818;G114;150;37,5;0,921962044;0;1;;;
LOPETUS;1;2;4;2;818;G114;155;47,2;1,049351885;1;1;;;
LOPETUS;1;2;4;2;818;G114;150;38,4;0,944089133;0;1;;;
LOPETUS;1;2;4;2;818;G114;155;44,5;0,9893254;0;1;;;
LOPETUS;1;2;4;2;818;G114;158;42,3;0,886685582;1;1;;;
LOPETUS;1;2;4;2;818;G114;147;37,6;0,983549004;0;1;;;
LOPETUS;1;2;4;2;818;G114;155;42,3;0,94041493;0;1;;;
LOPETUS;1;2;4;2;818;G114;174;61,9;0,9650652;1;1;;;
LOPETUS;1;2;4;2;818;G114;164;54,4;1,017073798;;;;;
LOPETUS;1;2;4;2;818;G114;163;50,9;0,969668129;1;1;;;
LOPETUS;1;2;4;2;818;G114;163;51,9;0,988718583;1;1;;;
LOPETUS;1;2;4;2;818;G114;160;49,8;1,004369433;1;1;;;
LOPETUS;1;2;4;2;818;G114;160;49;0,988234984;0;1;;;
LOPETUS;1;2;4;2;818;G114;161;49,7;0,98336872;1;1;;;
LOPETUS;1;1;3;2;817;G113;109;7,7;0,504338557;1;0;;;
LOPETUS;1;1;3;2;817;G113;108;9,3;0,62661163;0;0;;;
LOPETUS;1;1;3;2;817;G113;109;12,2;0,799081869;0;1;;;
LOPETUS;1;1;3;2;817;G113;109;9;0,589486625;0;0;;;
LOPETUS;1;1;3;2;817;G113;136;27,3;0,906637662;0;1;;;
LOPETUS;1;1;3;2;817;G113;145;35,5;0,96848852;0;1;;;
LOPETUS;1;1;3;2;817;G113;108;8,3;0,559234035;0;0;;;
LOPETUS;1;1;3;2;817;G113;107;12,6;0,873543177;1;0;;;
LOPETUS;1;1;3;2;817;G113;106;8,5;0,606523319;0;0;;;
LOPETUS;1;1;3;2;817;G113;110;9,6;0,611407564;0;1;;;
LOPETUS;1;1;3;2;817;G113;134;22,8;0,792413125;1;1;;;
LOPETUS;1;1;3;2;817;G113;140;33,3;1,011766845;0;1;;;
LOPETUS;1;1;3;2;817;G113;140;30,1;0,914540001;0;1;;;
LOPETUS;1;1;3;2;817;G113;140;29,7;0,902386645;0;1;;;
LOPETUS;1;1;3;2;817;G113;143;34,4;0,979345932;0;1;;;
LOPETUS;1;1;3;2;817;G113;135;30,1;1,022524894;0;1;;;
LOPETUS;1;1;3;2;817;G113;135;27,6;0,937597578;0;1;;;
LOPETUS;1;1;3;2;817;G113;141;32,2;0,957206953;0;1;;;
LOPETUS;1;1;3;2;817;G113;143;34,3;0,976498996;0;1;;;
LOPETUS;1;1;3;2;817;G113;145;37;1,00941057;0;;;;
LOPETUS;1;1;3;2;817;G113;152;42,5;1,003268841;0;1;;;
LOPETUS;1;1;3;2;817;G113;156;43,6;0,95037385;1;1;;;
LOPETUS;1;1;3;2;817;G113;156;52,8;1,150911452;1;0;;;
LOPETUS;1;1;3;2;817;G113;150;42,3;1,039973185;0;1;;;
LOPETUS;1;1;3;2;817;G113;170;57,5;0,962788392;1;1;;;
LOPETUS;1;1;3;2;817;G113;167;57,4;1,015091256;1;1;;;
LOPETUS;1;1;3;2;817;G113;172;64,4;1,040303983;1;1;;;
LOPETUS;1;1;3;2;817;G113;165;59,6;1,09369848;1;0;;;
LOPETUS;1;1;3;2;817;G113;170;63,8;1,068276511;0;1;;;
LOPETUS;1;1;3;2;817;G113;170;62,1;1,039811463;1;1;;;
LOPETUS;1;1;3;2;817;G113;154;43,8;0,993298764;0;1;;;
LOPETUS;1;1;3;2;817;G113;153;44,2;1,022612013;1;1;;;
LOPETUS;1;1;3;2;817;G113;161;53,2;1,052620038;1;1;;;
LOPETUS;1;1;3;2;817;G113;161;50,2;0,993261765;1;1;;;
LOPETUS;1;1;3;2;817;G113;157;49,6;1,060164541;0;1;;;
LOPETUS;1;1;3;2;817;G113;161;53,2;1,052620038;1;1;;;
LOPETUS;1;1;3;2;817;G113;162;55,2;1,07163368;1;0;;;
LOPETUS;1;1;3;2;817;G113;146;37,6;1,004369977;1;1;;;
