4690 4800 4895 4606 16523 4690 4677 4924
4924 4700 4900 4748 36821 4924 4690 4896
4896 4680 4897 4756 15500 4896 4870 5140
5140 4650 4900 4900 40838 5140 4800 4900
4900 4690 4802 4900 4710 4900 4886 4863
4863 4924 4800 4895 816 4863 4862 4859
4859 4896 4700 4900 20640 4859 4749 4750
4750 5140 4680 4897 200 4750 4750 4750
4750 4900 4650 4900 5000 4750 4748 4750
4750 4863 4690 4802 13767 4750 4702 4750
4750 4859 4924 4800 1300 4750 4748 4668
4668 4750 4896 4700 15000 4668 4668 4661
4661 4750 5140 4680 7928 4661 4659 4730
4730 4750 4900 4650 22470 4730 4549 4966
4966 4750 4863 4690 62507 4966 4730 4896
4896 4668 4859 4924 5861 4896 4730 4800
4800 4661 4750 4896 45971 4800 4700 4750
4750 4730 4750 5140 10860 4750 4729 4799
4799 4966 4750 4900 11724 4799 4790 4651
4651 4896 4750 4863 15700 4651 4650 4651
4651 4800 4668 4859 21777 4651 4650 4789
4789 4750 4661 4750 35184 4789 4655 4788
4788 4799 4730 4750 24045 4788 4784 4788
4788 4651 4966 4750 18302 4788 4786 4789
4789 4651 4896 4750 42536 4789 4760 4789
4789 4789 4800 4668 21200 4789 4787 4779
4779 4788 4750 4661 2250 4779 4779 4785
4785 4788 4799 4730 32500 4785 4738 4738
4738 4789 4651 4966 33742 4738 4700 4770
4770 4789 4651 4896 26600 4770 4700 4750
4750 4779 4789 4800 3900 4750 4750 4750
4750 4785 4788 4750 12423 4750 4749 4850
4850 4738 4788 4799 9029 4850 4750 4900
4900 4770 4789 4651 6820 4900 4900 4900
4900 4750 4789 4651 4920 4900 4900 4901
4901 4750 4779 4789 2245 4901 4901 4901
4901 4850 4785 4788 2660 4901 4900 4905
4905 4900 4738 4788 13895 4905 4900 4904
4904 4900 4770 4789 1800 4904 4904 4920
4920 4901 4750 4789 15207 4920 4900 4910
4910 4901 4750 4779 500 4910 4910 4970
4970 4905 4850 4785 28495 4970 4921 5000
5000 4904 4900 4738 56831 5000 4970 5250
5250 4920 4900 4770 47570 5250 5000 5010
5010 4910 4901 4750 3300 5010 5004 5025
5025 4970 4901 4750 88488 5025 5000 5130
5130 5000 4905 4850 17422 5130 5050 5130
5130 5250 4904 4900 11925 5130 5100 5078
5078 5010 4920 4900 6200 5078 5077 5076
5076 5025 4910 4901 6622 5076 5073 5070
5070 5130 4970 4901 7669 5070 5069 5101
5101 5130 5000 4905 8200 5101 5100 5100
5100 5078 5250 4904 3392 5100 5100 5200
5200 5076 5010 4920 26272 5200 5100 5199
5199 5070 5025 4910 675 5199 5198 5250
5250 5101 5130 4970 34382 5250 5190 5270
5270 5100 5130 5000 35841 5270 5152 5298
5298 5200 5078 5250 12662 5298 5280 5300
5300 5199 5076 5010 20650 5300 5287 5302
5302 5250 5070 5025 16480 5302 5299 5302
5302 5270 5101 5130 2159 5302 5301 5400
5400 5298 5100 5130 13668 5400 5300 5400
5400 5300 5200 5078 5761 5400 5400 5401
5401 5302 5199 5076 10652 5401 5398 5399
5399 5302 5250 5070 183 5399 5399 5400
5400 5400 5270 5101 29000 5400 5350 5500
5500 5400 5298 5100 5921 5500 5400 5572
5572 5401 5300 5200 10112 5572 5525 5600
5600 5399 5302 5199 2063 5600 5572 5800
5800 5400 5302 5250 408112 5800 5571 5850
5850 5500 5400 5270 30638 5850 5793 5850
5850 5572 5400 5298 21274 5850 5840 5850
5850 5600 5401 5300 24458 5850 5846 5850
5850 5800 5399 5302 111064 5850 5800 5801
5801 5850 5400 5302 15053 5801 5799 5800
5800 5850 5500 5400 18820 5800 5798 5802
5802 5850 5572 5400 62057 5802 5800 5800
5800 5850 5600 5401 10200 5800 5799 5798
5798 5801 5800 5399 5888 5798 5710 5788
5788 5800 5850 5400 1438 5788 5788 5781
5781 5802 5850 5500 29086 5781 5700 5650
5650 5800 5850 5572 6595 5650 5648 5788
5788 5798 5850 5600 37335 5788 5602 5700
5700 5788 5801 5800 6435 5700 5700 5789
5789 5781 5800 5850 34860 5789 5700 5789
5789 5650 5802 5850 9056 5789 5788 5789
5789 5788 5800 5850 5256 5789 5788 5800
5800 5700 5798 5850 16346 5800 5770 5780
5780 5789 5788 5801 1516 5780 5777 5757
5757 5789 5781 5800 9688 5757 5700 5700
5700 5789 5650 5802 21772 5700 5648 5700
5700 5800 5788 5800 3521 5700 5650 5700
5700 5780 5700 5798 32803 5700 5699 5699
5699 5757 5789 5788 17002 5699 5600 5602
5602 5700 5789 5781 19914 5602 5589 5600
5600 5700 5789 5650 2582 5600 5600 5600
5600 5700 5800 5788 18670 5600 5599 5600
5600 5699 5780 5700 2375 5600 5600 5603
5603 5602 5757 5789 10642 5603 5601 5603
5603 5600 5700 5789 5320 5603 5599 5603
5603 5600 5700 5789 3965 5603 5600 5607
5607 5600 5700 5800 4440 5607 5604 5608
5608 5603 5699 5780 1410 5608 5607 5607
5607 5603 5602 5757 448 5607 5607 5500
5500 5603 5600 5700 3000 5500 5400 5400
5400 5607 5600 5700 14068 5400 5400 5355
5355 5608 5600 5700 6391 5355 5321 5330
5330 5607 5603 5699 6283 5330 5330 5330
5330 5500 5603 5602 6180 5330 5298 5300
5300 5400 5603 5600 1643 5300 5299 5300
5300 5355 5607 5600 4110 5300 5300 5300
5300 5330 5608 5600 500 5300 5300 5300
5300 5330 5607 5603 2868 5300 5300 5320
5320 5300 5500 5603 9073 5320 5300 5342
5342 5300 5400 5603 13910 5342 5324 5342
5342 5300 5355 5607 1800 5342 5306 5344
5344 5300 5330 5608 9030 5344 5342 5350
5350 5320 5330 5607 1181 5350 5343 5400
5400 5342 5300 5500 4325 5400 5350 5417
5417 5342 5300 5400 4265 5417 5414 5415
5415 5344 5300 5355 4120 5415 5414 5422
5422 5350 5300 5330 13860 5422 5420 5431
5431 5400 5320 5330 2800 5431 5430 5435
5435 5417 5342 5300 5000 5435 5435 5502
5502 5415 5342 5300 2589 5502 5450 5502
5502 5422 5344 5300 5088 5502 5501 5503
5503 5431 5350 5300 12830 5503 5502 5508
5508 5435 5400 5320 6420 5508 5503 5503
5503 5502 5417 5342 5980 5503 5502 5551
5551 5502 5415 5342 56170 5551 5507 5549
5549 5503 5422 5344 2000 5549 5549 5598
5598 5508 5431 5350 15160 5598 5589 5569
5569 5503 5435 5400 1525 5569 5557 5573
5573 5551 5502 5417 28309 5573 5457 5573
5573 5549 5502 5415 2840 5573 5573 5573
5573 5598 5503 5422 2000 5573 5573 5590
5590 5569 5508 5431 4748 5590 5573 5590
5590 5573 5503 5435 12760 5590 5500 5512
5512 5573 5551 5502 27700 5512 5500 5700
5700 5573 5549 5502 17933 5700 5512 5700
5700 5590 5598 5503 348 5700 5700 5700
5700 5590 5569 5508 20684 5700 5599 5700
5700 5512 5573 5503 6742 5700 5699 5800
5800 5700 5573 5551 10410 5800 5699 5701
5701 5700 5573 5549 15825 5701 5699 5701
5701 5700 5590 5598 8125 5701 5700 5706
5706 5700 5590 5569 3656 5706 5700 5802
5802 5800 5512 5573 2318 5802 5800 6000
6000 5701 5700 5573 17828 6000 5810 6004
6004 5701 5700 5573 3396 6004 6003 6100
6100 5706 5700 5590 7714 6100 6006 6105
6105 5802 5700 5590 1222 6105 6105 6150
6150 6000 5800 5512 19093 6150 6050 6049
6049 6004 5701 5700 1183 6049 6039 6000
6000 6100 5701 5700 5960 6000 5960 5960
5960 6105 5706 5700 6230 5960 5950 6050
6050 6150 5802 5700 2461 6050 5960 6050
6050 6049 6000 5800 7341 6050 6040 6050
6050 6000 6004 5701 1198 6050 6049 6053
6053 5960 6100 5701 18437 6053 6049 6051
6051 6050 6105 5706 327 6051 6051 6051
6051 6050 6150 5802 14999 6051 6051 6051
6051 6050 6049 6000 6204 6051 6051 6051
6051 6053 6000 6004 7343 6051 6050 6059
6059 6051 5960 6100 5564 6059 6055 6058
6058 6051 6050 6105 11093 6058 6057 6060
6060 6051 6050 6150 2650 6060 6060 6061
6061 6051 6050 6049 8351 6061 6058 6061
6061 6059 6053 6000 4543 6061 5998 5898
5898 6058 6051 5960 467 5898 5892 5900
5900 6060 6051 6050 9737 5900 5889 5889
5889 6061 6051 6050 1516 5889 5888 5901
5901 6061 6051 6050 26463 5901 5889 5906
5906 5898 6059 6053 2805 5906 5900 5900
5900 5900 6058 6051 5544 5900 5894 5901
5901 5889 6060 6051 4156 5901 5900 5905
5905 5901 6061 6051 248509 5905 5900 5910
5910 5906 6061 6051 250980 5910 5900 5936
5936 5900 5898 6059 961120 5936 3468 6000
6000 5901 5900 6058 164915 6000 5935 6250
6250 5905 5889 6060 683482 6250 6000 6250
6250 5910 5901 6061 20492 6250 6200 6053
6053 5936 5906 6061 219054 6053 6050 6055
6055 6000 5900 5898 260000 6055 6050 6090
6090 6250 5901 5900 386393 6090 6060 6102
6102 6250 5905 5889 503414 6102 6070 6378
6378 6053 5910 5901 885263 6378 6104 6132
6132 6055 5936 5906 4920 6132 6128 6213
6213 6090 6000 5900 154789 6213 6146 6175
6175 6102 6250 5901 200000 6175 6175 6300
6300 6378 6250 5905 502050 6300 6181 6300
6300 6132 6053 5910 16283 6300 6256 6300
6300 6213 6055 5936 9910 6300 6299 6298
6298 6175 6090 6000 157 6298 6298 6300
6300 6300 6102 6250 64701 6300 6298 6306
6306 6300 6378 6250 3356 6306 6305 6400
6400 6300 6132 6053 76370 6400 6316 5800
5800 6298 6213 6055 2000 5800 5060 5313
5313 6300 6175 6090 10480 5313 5313 5450
5450 6306 6300 6102 12000 5450 5350 5722
5722 6400 6300 6378 14537 5722 5461 5750
5750 5800 6300 6132 59595 5750 5722 5700
5700 5313 6298 6213 21056 5700 5510 5510
5510 5450 6300 6175 45172 5510 5390 5404
5404 5722 6306 6300 28877 5404 5394 5403
5403 5750 6400 6300 34647 5403 5403 5405
5405 5700 5800 6300 104853 5405 5403 5550
5550 5510 5313 6298 174286 5550 5400 5500
5500 5404 5450 6300 76743 5500 5421 5510
5510 5403 5722 6306 2470 5510 5499 5516
5516 5405 5750 6400 10394 5516 5510 5519
5519 5550 5700 5800 93328 5519 5516 5523
5523 5500 5510 5313 140287 5523 5518 5523
5523 5510 5404 5450 10455 5523 5522 5550
5550 5516 5403 5722 15868 5550 5523 5523
5523 5519 5405 5750 1234 5523 5523 5523
5523 5523 5550 5700 12167 5523 5521 5550
5550 5523 5500 5510 4534 5550 5523 5550
5550 5550 5510 5404 2000 5550 5550 5550
5550 5523 5516 5403 988 5550 5550 5551
5551 5523 5519 5405 50318 5551 5550 5561
5561 5550 5523 5550 36336 5561 5552 5584
5584 5550 5523 5500 13265 5584 5568 5592
5592 5550 5550 5510 51283 5592 5586 5587
5587 5551 5523 5516 23470 5587 5585 5550
5550 5561 5523 5519 1715 5550 5550 5550
5550 5584 5550 5523 8000 5550 5548 5549
5549 5592 5550 5523 5360 5549 5548 5550
5550 5587 5550 5550 993 5550 5549 5550
5550 5550 5551 5523 5468 5550 5540 5550
5550 5550 5561 5523 16443 5550 5540 5552
5552 5549 5584 5550 2570 5552 5550 5570
5570 5550 5592 5550 6852 5570 5550 5570
5570 5550 5587 5550 7885 5570 5552 5562
5562 5550 5550 5551 742 5562 5562 5570
5570 5552 5550 5561 2797 5570 5567 5579
5579 5570 5549 5584 13117 5579 5571 5600
5600 5570 5550 5592 7589 5600 5578 5630
5630 5562 5550 5587 6894 5630 5602 5700
5700 5570 5550 5550 4338 5700 5642 5782
5782 5579 5552 5550 9105 5782 5710 5787
5787 5600 5570 5549 2189 5787 5783 5789
5789 5630 5570 5550 590 5789 5789 5800
5800 5700 5562 5550 46255 5800 5788 5802
5802 5782 5570 5550 4040 5802 5800 5820
5820 5787 5579 5552 3488 5820 5804 5860
5860 5789 5600 5570 151100 5860 5820 5860
5860 5800 5630 5570 852 5860 5860 5900
5900 5802 5700 5562 4222 5900 5864 6000
6000 5820 5782 5570 6605 6000 5935 6076
6076 5860 5787 5579 3853 6076 6050 6074
6074 5860 5789 5600 345 6074 6069 6072
6072 5900 5800 5630 4758 6072 6000 6000
6000 6000 5802 5700 53447 6000 5950 6000
6000 6076 5820 5782 9211 6000 6000 6000
6000 6074 5860 5787 11690 6000 6000 6060
6060 6072 5860 5789 114991 6060 6000 6002
6002 6000 5900 5800 4844 6002 6002 6059
6059 6000 6000 5802 2900 6059 6007 6100
6100 6000 6076 5820 3758 6100 6066 6121
6121 6060 6074 5860 1289 6121 6110 6150
6150 6002 6072 5860 5886 6150 6130 6173
6173 6059 6000 5900 26278 6173 6152 6176
6176 6100 6000 6000 1886 6176 6173 6271
6271 6121 6000 6076 2976 6271 6250 6283
6283 6150 6060 6074 747 6283 6279 6290
6290 6173 6002 6072 2288 6290 6287 6600
6600 6176 6059 6000 34479 6600 6314 6600
6600 6271 6100 6000 5712 6600 6597 6600
6600 6283 6121 6000 3958 6600 6590 6500
6500 6290 6150 6060 10970 6500 6439 6500
6500 6600 6173 6002 46162 6500 6449 6453
6453 6600 6176 6059 13815 6453 6450 6500
6500 6600 6271 6100 4950 6500 6454 6500
6500 6500 6283 6121 4094 6500 6500 6501
6501 6500 6290 6150 2316 6501 6500 6500
6500 6453 6600 6173 4012 6500 6460 6483
6483 6500 6600 6176 34042 6483 6466 6660
6660 6500 6600 6271 425644 6660 6482 6550
6550 6501 6500 6283 2813 6550 6510 6532
6532 6500 6500 6290 5788 6532 6514 6545
6545 6483 6453 6600 403 6545 6543 6600
6600 6660 6500 6600 2094 6600 6600 6930
6930 6550 6500 6600 295095 6930 6600 6653
6653 6532 6501 6500 1221 6653 6650 6652
6652 6545 6500 6500 5128 6652 6650 6666
6666 6600 6483 6453 2029 6666 6650 6750
6750 6930 6660 6500 2534 6750 6700 6750
6750 6653 6550 6500 884 6750 6750 6750
6750 6652 6532 6501 16377 6750 6745 6999
6999 6666 6545 6500 806194 6999 6750 6995
6995 6750 6600 6483 874249 6995 6860 6995
6995 6750 6930 6660 2818 6995 6990 6980
6980 6750 6653 6550 5638 6980 6978 6980
6980 6999 6652 6532 21772 6980 6979 7050
7050 6995 6666 6545 2467 7050 6980 7080
7080 6995 6750 6600 3127 7080 7040 7040
7040 6980 6750 6930 6564 7040 7000 6999
6999 6980 6750 6653 494 6999 6999 7070
7070 7050 6999 6652 292369 7070 6997 7070
7070 7080 6995 6666 2816 7070 7070 7068
7068 7040 6995 6750 8339 7068 7000 7086
7086 6999 6980 6750 5448 7086 7070 7090
7090 7070 6980 6750 605897 7090 7078 7078
7078 7070 7050 6999 212 7078 7000 7000
7000 7068 7080 6995 6770 7000 7000 6950
6950 7086 7040 6995 5667 6950 6900 6900
6900 7090 6999 6980 3568 6900 6899 6900
6900 7078 7070 6980 1514 6900 6890 7000
7000 7000 7070 7050 7719 7000 6905 7000
7000 6950 7068 7080 5412 7000 7000 7020
7020 6900 7086 7040 23346 7020 7003 7040
7040 6900 7090 6999 11200 7040 7040 7042
7042 7000 7078 7070 13283 7042 7040 7042
7042 7000 7000 7070 154 7042 7042 7043
7043 7020 6950 7068 2450 7043 7042 7050
7050 7040 6900 7086 5980 7050 7041 7041
7041 7042 6900 7090 3470 7041 7041 7041
7041 7042 7000 7078 3740 7041 7000 7000
7000 7043 7000 7000 14869 7000 7000 7001
7001 7050 7020 6950 1332 7001 7000 7012
7012 7041 7040 6900 32275 7012 7000 7000
7000 7041 7042 6900 3310 7000 6950 6906
6906 7000 7042 7000 4583 6906 6901 6905
6905 7001 7043 7000 21370 6905 6900 6905
6905 7012 7050 7020 862 6905 6905 6905
6905 7000 7041 7040 17551 6905 6900 7000
7000 6906 7041 7042 18429 7000 6900 7000
7000 6905 7000 7042 4700 7000 7000 7002
7002 6905 7001 7043 4680 7002 7001 7150
7150 6905 7012 7050 17130 7150 7008 7056
7056 7000 7000 7041 21702 7056 7056 7056
7056 7000 6906 7041 500 7056 7056 7100
7100 7002 6905 7000 4479 7100 7100 7100
7100 7150 6905 7001 9407 7100 7070 7100
7100 7056 6905 7012 770 7100 7100 7100
7100 7056 7000 7000 4998 7100 7070 7070
7070 7100 7000 6906 1257 7070 7070 7120
7120 7100 7002 6905 19723 7120 7100 7120
7120 7100 7150 6905 3588 7120 7120 7121
7121 7100 7056 6905 1400 7121 7120 7120
7120 7070 7056 7000 2688 7120 7120 7199
7199 7120 7100 7000 11952 7199 7120 7201
7201 7120 7100 7002 10759 7201 7197 7242
7242 7121 7100 7150 150 7242 7242 7550
7550 7120 7100 7056 4780 7550 7320 7404
7404 7199 7070 7056 1988 7404 7401 7650
7650 7201 7120 7100 3592 7650 7603 7700
7700 7242 7120 7100 2957 7700 7700 7750
7750 7550 7121 7100 6215 7750 7550 7567
7567 7404 7120 7100 4808 7567 7550 7600
7600 7650 7199 7070 1000 7600 7600 7800
7800 7700 7201 7120 3636 7800 7623 7900
7900 7750 7242 7120 7076 7900 7800 8050
8050 7567 7550 7121 5655 8050 7640 8000
8000 7600 7404 7120 988 8000 8000 8002
8002 7800 7650 7199 555 8002 8000 8008
8008 7900 7700 7201 178 8008 8008 8040
8040 8050 7750 7242 8856 8040 8010 8023
8023 8000 7567 7550 988 8023 8022 8151
8151 8002 7600 7404 4808 8151 8022 8100
8100 8008 7800 7650 30600 8100 8025 8135
8135 8040 7900 7700 3901 8135 8051 8158
8158 8023 8050 7750 480 8158 8158 8250
8250 8151 8000 7567 1500 8250 8250 8662
8662 8100 8002 7600 6750 8662 8400 8758
8758 8135 8008 7800 6214 8758 8662 8756
8756 8158 8040 7900 1044 8756 8756 8900
8900 8250 8023 8050 6270 8900 8822 9041
9041 8662 8151 8000 4285 9041 8950 9250
9250 8758 8100 8002 2469 9250 9161 9550
9550 8756 8135 8008 5120 9550 9254 9310
9310 8900 8158 8040 3760 9310 9300 9314
9314 9041 8250 8023 5058 9314 9254 9200
9200 9250 8662 8151 1378 9200 9200 9100
9100 9550 8758 8100 3100 9100 9000 9000
9000 9310 8756 8135 1631 9000 9000 9000
9000 9314 8900 8158 2026 9000 9000 9002
9002 9200 9041 8250 17079 9002 8999 9004
9004 9100 9250 8662 399 9004 9003 9021
9021 9000 9550 8758 5256 9021 9012 9031
9031 9000 9310 8756 9524 9031 9029 9100
9100 9002 9314 8900 1753 9100 9078 9223
9223 9004 9200 9041 7890 9223 9180 9302
9302 9021 9100 9250 5000 9302 9300 9500
9500 9031 9000 9550 3150 9500 9450 9500
9500 9100 9000 9310 9805 9500 9302 9302
9302 9223 9002 9314 9072 9302 9300 9308
9308 9302 9004 9200 5433 9308 9300 9310
9310 9500 9021 9100 6697 9310 9301 9308
9308 9500 9031 9000 33910 9308 9300 9300
9300 9302 9100 9000 125894 9300 9300 9300
9300 9308 9223 9002 3000 9300 9300 9350
9350 9310 9302 9004 8471 9350 9300 7800
7800 9308 9500 9021 472 7800 7800 8190
8190 9300 9500 9031 1840 8190 8190 8599
8599 9300 9302 9100 264066 8599 8599 8800
8800 9350 9308 9223 5500 8800 8650 8850
8850 7800 9310 9302 5665 8850 8803 9000
9000 8190 9308 9500 1972 9000 8874 9450
9450 8599 9300 9500 1587 9450 9450 9922
9922 8800 9300 9302 1300 9922 9922 10418
10418 8850 9350 9308 7000 10418 10418 10938
10938 9000 7800 9310 241448 10938 10938 11150
11150 9450 8190 9308 47782 11150 10952 11565
11565 9922 8599 9300 230693 11565 11560 11801
11801 10418 8800 9300 5925 11801 11574 12200
12200 10938 8850 9350 203773 12200 11800 12000
12000 11150 9000 7800 3043 12000 12000 12000
12000 11565 9450 8190 4090 12000 11900 12000
12000 11801 9922 8599 6503 12000 12000 12002
12002 12200 10418 8800 15876 12002 12000 12000
12000 12000 10938 8850 213769 12000 11979 12000
12000 12000 11150 9000 4500 12000 12000 12000
12000 12000 11565 9450 9008 12000 12000 12001
12001 12002 11801 9922 22631 12001 11998 12001
12001 12000 12200 10418 6751 12001 12000 11900
11900 12000 12000 10938 500 11900 11900 11940
11940 12000 12000 11150 3044 11940 11700 11700
11700 12001 12000 11565 11236 11700 11600 11502
11502 12001 12002 11801 3001 11502 11350 11300
11300 11900 12000 12200 9650 11300 11100 11000
11000 11940 12000 12000 9802 11000 10800 10802
10802 11700 12000 12000 25000 10802 10800 10800
10800 11502 12001 12000 1000 10800 10799 10800
10800 11300 12001 12002 7712 10800 10797 10800
10800 11000 11900 12000 30140 10800 10800 10998
10998 10802 11940 12000 63 10998 10800 10802
10802 10800 11700 12000 1113 10802 10800 10800
10800 10800 11502 12001 563 10800 10800 10800
10800 10800 11300 12001 565 10800 10798 10800
10800 10998 11000 11900 4630 10800 10650 10800
10800 10802 10802 11940 7096 10800 10790 10805
10805 10800 10800 11700 10104 10805 10800 10813
10813 10800 10800 11502 3427 10813 10800 10801
10801 10800 10800 11300 6497 10801 10800 10805
10805 10800 10998 11000 48500 10805 10804 10804
10804 10805 10802 10802 200 10804 10804 10804
10804 10813 10800 10800 120766 10804 10799 10804
10804 10801 10800 10800 3279 10804 10802 10804
10804 10805 10800 10800 1976 10804 10804 10805
10805 10804 10800 10998 5752 10805 10804 10804
10804 10804 10805 10802 283 10804 10804 10800
10800 10804 10813 10800 1010 10800 10700 10900
10900 10804 10801 10800 47553 10900 10799 10825
10825 10805 10805 10800 28 10825 10825 10825
10825 10804 10804 10800 3270 10825 10824 10825
10825 10800 10804 10805 1490 10825 10825 10826
10826 10900 10804 10813 716 10826 10825 10827
10827 10825 10804 10801 998 10827 10825 10832
10832 10825 10805 10805 2947 10832 10825 11366
11366 10825 10804 10804 4727 11366 10842 11384
11384 10826 10800 10804 8010 11384 11004 6050
6050 10827 10900 10804 500 6050 6050 6200
6200 10832 10825 10804 1936 6200 6055 6357
6357 11366 10825 10805 40300 6357 6357 6674
6674 11384 10825 10804 12250 6674 6502 6827
6827 6050 10826 10800 27000 6827 6827 7168
7168 6200 10827 10900 30414 7168 7168 7526
7526 6357 10832 10825 40000 7526 7526 7902
7902 6674 11366 10825 30000 7902 7902 8297
8297 6827 11384 10825 26010 8297 8287 8701
8701 7168 6050 10826 27615 8701 8701 9136
9136 7526 6200 10827 26700 9136 9136 9592
9592 7902 6357 10832 83802 9592 9592 10071
10071 8297 6674 11366 310791 10071 9500 9995
9995 8701 6827 11384 105179 9995 9515 9500
9500 9136 7168 6050 36613 9500 9300 9500
9500 9592 7526 6200 69601 9500 9300 9439
9439 10071 7902 6357 86536 9439 9250 9388
9388 9995 8297 6674 31296 9388 9000 9062
9062 9500 8701 6827 22188 9062 8950 9005
9005 9500 9136 7168 773 9005 8990 9002
9002 9439 9592 7526 543 9002 8888 8962
8962 9388 10071 7902 7559 8962 8840 8946
8946 9062 9995 8297 1012 8946 8552 8946
8946 9005 9500 8701 31 8946 8499 8946
8946 9002 9500 9136 115 8946 8499 8946
8946 8962 9439 9592 20 8946 8499 8946
8946 8946 9388 10071 80 8946 8499 8937
8937 8946 9062 9995 510 8937 8499 8934
8934 8946 9005 9500 160 8934 8491 8638
8638 8946 9002 9500 17660 8638 8488 8634
8634 8946 8962 9439 250 8634 8207 8624
8624 8937 8946 9388 613 8624 8203 8619
8619 8934 8946 9062 264 8619 8193 8611
8611 8638 8946 9005 494 8611 8189 8598
8598 8634 8946 9002 798 8598 8181 8596
8596 8624 8946 8962 252 8596 8169 8596
8596 8619 8937 8946 110 8596 8167 8592
8592 8611 8934 8946 496 8592 8167 8592
8592 8598 8638 8946 110 8592 8163 8583
8583 8596 8634 8946 1067 8583 8163 8578
8578 8596 8624 8946 618 8578 8154 8539
8539 8592 8619 8937 4827 8539 8150 8524
8524 8592 8611 8934 1845 8524 8113 8476
8476 8583 8598 8638 6010 8476 8098 8439
8439 8578 8596 8634 4606 8439 8053 8018
8018 8539 8596 8624 2683 8018 8018 7618
7618 8524 8592 8619 31214 7618 7618 7617
7617 8476 8592 8611 40000 7617 7617 7598
7598 8439 8583 8598 11682 7598 7250 7561
7561 8018 8578 8596 3618 7561 7250 7247
7247 7618 8539 8596 96198 7247 7183 7190
7190 7617 8524 8592 33086 7190 7179 7182
7182 7598 8476 8592 17233 7182 6830 7109
7109 7561 8439 8583 11007 7109 6900 6837
6837 7247 8018 8578 54388 6837 6754 6780
6780 7190 7618 8539 47902 6780 6751 7000
7000 7182 7617 8524 15009 7000 6800 7149
7149 7109 7598 8476 71370 7149 6998 7201
7201 6837 7561 8439 17831 7201 7147 7256
7256 6780 7247 8018 14419 7256 7176 7350
7350 7000 7190 7618 6400 7350 7184 7270
7270 7149 7182 7617 27096 7270 7172 7193
7193 7201 7109 7598 2008 7193 7178 7173
7173 7256 6837 7561 7162 7173 6834 7117
7117 7350 6780 7247 11384 7117 6815 7113
7113 7270 7000 7190 2206 7113 6998 6989
6989 7193 7149 7182 71489 6989 6758 6846
6846 7173 7201 7109 25010 6846 6694 6848
6848 7117 7256 6837 14292 6848 6600 6848
6848 7113 7350 6780 1950 6848 6844 6860
6860 6989 7270 7000 2290 6860 6844 6843
6843 6846 7193 7149 1210 6843 6840 6839
6839 6848 7173 7201 17974 6839 6600 6760
6760 6848 7117 7256 13282 6760 6599 6716
6716 6860 7113 7350 12275 6716 6502 6715
6715 6843 6989 7270 738 6715 6715 6713
6713 6839 6846 7193 6305 6713 6697 6712
6712 6760 6848 7173 167 6712 6709 6711
6711 6716 6848 7117 30 6711 6680 6704
6704 6715 6860 7113 6360 6704 6620 6697
6697 6713 6843 6989 5986 6697 6625 6715
6715 6712 6839 6846 50376 6715 6600 6800
6800 6711 6760 6848 17675 6800 6721 6723
6723 6704 6716 6848 18407 6723 6700 6725
6725 6697 6715 6860 34172 6725 6720 6725
6725 6715 6713 6843 30337 6725 6700 6750
6750 6800 6712 6839 11203 6750 6699 6750
6750 6723 6711 6760 16149 6750 6700 7000
7000 6725 6704 6716 12963 7000 6730 7000
7000 6725 6697 6715 8560 7000 6730 6756
6756 6750 6715 6713 1636 6756 6755 7000
7000 6750 6800 6712 1048 7000 6757 6999
6999 7000 6723 6711 7263 6999 6765 6812
6812 7000 6725 6704 12689 6812 6765 6786
6786 6756 6725 6697 4267 6786 6766 6790
6790 7000 6750 6715 8564 6790 6750 6739
6739 6999 6750 6800 18553 6739 6650 6739
6739 6812 7000 6723 37514 6739 6700 6750
6750 6786 7000 6725 13112 6750 6600 7002
7002 6790 6756 6725 17860 7002 6791 6792
6792 6739 7000 6750 2190 6792 6791 6791
6791 6739 6999 6750 7310 6791 6790 6792
6792 6750 6812 7000 6629 6792 6702 6789
6789 7002 6786 7000 15322 6789 6700 6763
6763 6792 6790 6756 6083 6763 6699 6737
6737 6791 6739 7000 20010 6737 6600 6731
6731 6792 6739 6999 2966 6731 6610 6723
6723 6789 6750 6812 15236 6723 6670 6700
6700 6763 7002 6786 83360 6700 6676 6350
6350 6737 6792 6790 500 6350 6350 6320
6320 6731 6791 6739 7160 6320 6060 6292
6292 6723 6792 6739 7917 6292 6070 6282
6282 6700 6789 6750 3010 6282 6075 6227
6227 6350 6763 7002 19038 6227 6079 6239
6239 6320 6737 6792 866 6239 6227 6227
6227 6292 6731 6791 2032 6227 5916 6217
6217 6282 6723 6792 17307 6217 5914 6107
6107 6227 6700 6789 20010 6107 6000 6091
6091 6239 6350 6763 3515 6091 5802 5917
5917 6227 6320 6737 42575 5917 5802 5908
5908 6217 6292 6731 2595 5908 5650 5843
5843 6107 6282 6723 19465 5843 5620 5732
5732 6091 6227 6700 27010 5732 5551 5723
5723 5917 6239 6350 4842 5723 5599 5719
5719 5908 6227 6320 1608 5719 5586 5717
5717 5843 6217 6292 560 5717 5586 5690
5690 5732 6107 6282 6938 5690 5432 5595
5595 5723 6091 6227 23621 5595 5406 5561
5561 5719 5917 6239 11252 5561 5351 5512
5512 5717 5908 6227 47021 5512 5351 5579
5579 5690 5843 6217 4119 5579 5515 5550
5550 5595 5732 6107 8444 5550 5499 5540
5540 5561 5723 6091 20890 5540 5500 5550
5550 5512 5719 5917 46061 5550 5500 5550
5550 5579 5717 5908 8484 5550 5513 5600
5600 5550 5690 5843 61758 5600 5500 5700
5700 5540 5595 5732 13885 5700 5606 5606
5606 5550 5561 5723 559 5606 5606 5610
5610 5550 5512 5719 3810 5610 5606 5608
5608 5600 5579 5717 6588 5608 5606 5611
5611 5700 5550 5690 10666 5611 5606 5610
5610 5606 5540 5595 8036 5610 5606 5606
5606 5610 5550 5561 23120 5606 5604 5610
5610 5608 5550 5512 3458 5610 5605 5612
5612 5611 5600 5579 24170 5612 5585 5599
5599 5610 5700 5550 67536 5599 5559 5560
5560 5606 5606 5540 25241 5560 5555 5559
5559 5610 5610 5550 364 5559 5559 5561
5561 5612 5608 5550 50010 5561 5560 5565
5565 5599 5611 5600 1856 5565 5560 5560
5560 5560 5610 5700 2143 5560 5560 5560
5560 5559 5606 5606 7456 5560 5500 5559
5559 5561 5610 5610 2231 5559 5559 5560
5560 5565 5612 5608 25013 5560 5557 5558
5558 5560 5599 5611 14135 5558 5558 5558
5558 5560 5560 5610 3120 5558 5558 5558
5558 5559 5559 5606 27774 5558 5558 5558
5558 5560 5561 5610 4000 5558 5558 5558
5558 5558 5565 5612 3170 5558 5558 5600
5600 5558 5560 5599 1263 5600 5558 5590
5590 5558 5560 5560 385 5590 5558 5600
5600 5558 5559 5559 1055 5600 5558 5599
5599 5558 5560 5561 4010 5599 5559 5590
5590 5600 5558 5565 5535 5590 5550 5700
5700 5590 5558 5560 2722 5700 5561 5600
5600 5600 5558 5560 4088 5600 5500 5562
5562 5599 5558 5559 1000 5562 5562 5561
5561 5590 5558 5560 2702 5561 5560 5555
5555 5700 5600 5558 6711 5555 5500 5555
5555 5600 5590 5558 14814 5555 5490 5541
5541 5562 5600 5558 1350 5541 5500 5540
5540 5561 5599 5558 1010 5540 5487 5539
5539 5555 5590 5558 1090 5539 5481 5505
5505 5555 5700 5600 37101 5505 5458 5504
5504 5541 5600 5590 3619 5504 5497 5503
5503 5540 5562 5600 5375 5503 5497 5510
5510 5539 5561 5599 54894 5510 5497 5506
5506 5505 5555 5590 2073 5506 5503 5502
5502 5504 5555 5700 2818 5502 5489 5500
5500 5503 5541 5600 434807 5500 5488 5497
5497 5510 5540 5562 100 5497 5497 5497
5497 5506 5539 5561 2718 5497 5496 5495
5495 5502 5505 5555 192 5495 5489 5491
5491 5500 5504 5555 2440 5491 5400 5486
5486 5497 5503 5541 3682 5486 5393 5470
5470 5497 5510 5540 42685 5470 5392 5454
5454 5495 5506 5539 3424 5454 5450 5451
5451 5491 5502 5505 26164 5451 5448 5451
5451 5486 5500 5504 10944 5451 5450 5500
5500 5470 5497 5503 132908 5500 5451 5494
5494 5454 5497 5510 360 5494 5494 5491
5491 5451 5495 5506 2204 5491 5398 5490
5490 5451 5491 5502 302 5490 5390 5479
5479 5500 5486 5500 3186 5479 5220 5437
5437 5494 5470 5497 36343 5437 5390 5437
5437 5491 5454 5497 1410 5437 5200 5432
5432 5490 5451 5495 4620 5432 5200 5430
5430 5479 5451 5491 23894 5430 5430 5430
5430 5437 5500 5486 580744 5430 5430 5430
5430 5437 5494 5470 1050 5430 5430 5430
5430 5432 5491 5454 2432 5430 5429 5430
5430 5430 5490 5451 15272 5430 5300 5426
5426 5430 5479 5451 90 5426 5200 5427
5427 5430 5437 5500 1645 5427 5426 5426
5426 5430 5437 5494 914 5426 5426 5426
5426 5430 5432 5491 1219 5426 5426 5413
5413 5426 5430 5490 5207 5413 5200 5400
5400 5427 5430 5479 54999 5400 5385 5401
5401 5426 5430 5437 87958 5401 5400 5400
5400 5426 5430 5437 7100 5400 5400 5401
5401 5413 5430 5432 18727 5401 5350 5500
5500 5400 5426 5430 14012 5500 5398 5502
5502 5401 5427 5430 15170 5502 5432 5500
5500 5400 5426 5430 303246 5500 5433 5440
5440 5401 5426 5430 2338 5440 5433 5437
5437 5500 5413 5430 1706 5437 5433 5650
5650 5502 5400 5426 2618 5650 5436 5436
5436 5500 5401 5427 1888 5436 5436 5435
5435 5440 5400 5426 1986 5435 5434 5435
5435 5437 5401 5426 9864 5435 5427 5434
5434 5650 5500 5413 344724 5434 5433 5434
5434 5436 5502 5400 2188 5434 5434 5436
5436 5435 5500 5401 5289 5436 5434 5444
5444 5435 5440 5400 1735 5444 5434 5446
5446 5434 5437 5401 57396 5446 5350 5429
5429 5434 5650 5500 44360 5429 5428 5429
5429 5436 5436 5502 9390 5429 5428 5431
5431 5444 5435 5500 614 5431 5428 5431
5431 5446 5435 5440 7170 5431 5400 5535
5535 5429 5434 5437 1298 5535 5426 5538
5538 5429 5434 5650 373780 5538 5427 5427
5427 5431 5436 5436 875 5427 5427 5427
5427 5431 5444 5435 3442 5427 5427 5423
5423 5535 5446 5435 10660 5423 5400 5419
5419 5538 5429 5434 11126 5419 5400 5419
5419 5427 5429 5434 11010 5419 5400 5412
5412 5427 5431 5436 17230 5412 5400 5407
5407 5423 5431 5444 41575 5407 5402 5408
5408 5419 5535 5446 15134 5408 5407 5408
5408 5419 5538 5429 34524 5408 5350 5390
5390 5412 5427 5429 204863 5390 5300 5379
5379 5407 5427 5431 8909 5379 5300 5379
5379 5408 5423 5431 9813 5379 5376 5378
5378 5408 5419 5535 1430 5378 5300 5373
5373 5390 5419 5538 2444 5373 5300 5420
5420 5379 5412 5427 204308 5420 5373 5367
5367 5379 5407 5427 6577 5367 5300 5500
5500 5378 5408 5423 10143 5500 5367 5499
5499 5373 5408 5419 195564 5499 5369 5369
5369 5420 5390 5419 660 5369 5369 5637
5637 5367 5379 5412 2010 5637 5376 5637
5637 5500 5379 5407 341010 5637 5379 5500
5500 5499 5378 5408 8956 5500 5379 5410
5410 5369 5373 5408 806446 5410 5387 5411
5411 5637 5420 5390 4702 5411 5390 5390
5390 5637 5367 5379 5986 5390 5389 5400
5400 5500 5500 5379 3310 5400 5300 5391
5391 5410 5499 5378 5320 5391 5386 5391
5391 5411 5369 5373 8946 5391 5386 5397
5397 5390 5637 5420 970 5397 5386 5398
5398 5400 5637 5367 3462 5398 5386 5391
5391 5391 5500 5500 25850 5391 5386 5389
5389 5391 5410 5499 8746 5389 5386 5389
5389 5397 5411 5369 2670 5389 5386 5655
5655 5398 5390 5637 813071 5655 5386 5393
5393 5391 5400 5637 12850 5393 5386 5451
5451 5389 5391 5500 92 5451 5386 5652
5652 5389 5391 5410 216674 5652 5427 5930
5930 5655 5397 5411 40845 5930 5810 5811
5811 5393 5398 5390 10820 5811 5810 5810
5810 5451 5391 5400 3520 5810 5809 5810
5810 5652 5389 5391 58108 5810 5807 5810
5810 5930 5389 5391 10988 5810 5809 5808
5808 5811 5655 5397 5158 5808 5799 5807
5807 5810 5393 5398 868 5807 5798 5806
5806 5810 5451 5391 2530 5806 5793 5809
5809 5810 5652 5389 13010 5809 5790 5767
5767 5808 5930 5389 8776 5767 5513 5800
5800 5807 5811 5655 432 5800 5767 5799
5799 5806 5810 5393 60 5799 5767 5798
5798 5809 5810 5451 81900 5798 5797 5800
5800 5767 5810 5652 4191 5800 5797 5792
5792 5800 5808 5930 7905 5792 5600 5777
5777 5799 5807 5811 3118 5777 5700 6000
6000 5798 5806 5810 3857 6000 5776 5330
5330 5800 5809 5810 1000 5330 5330 5596
5596 5792 5767 5810 67378 5596 5320 5830
5830 5777 5800 5808 1036328 5830 5830 5830
5830 6000 5799 5807 1900 5830 5830 5830
5830 5330 5798 5806 1050 5830 5830 5830
5830 5596 5800 5809 4744 5830 5830 5829
5829 5830 5792 5767 706 5829 5800 5825
5825 5830 5777 5800 9238 5825 5799 5829
5829 5830 6000 5799 87538 5829 5598 5665
5665 5830 5330 5798 836 5665 5664 5677
5677 5829 5596 5800 1721 5677 5664 5709
5709 5825 5830 5792 7886 5709 5668 5668
5668 5829 5830 5777 10712 5668 5666 5667
5667 5665 5830 6000 988 5667 5667 5670
5670 5677 5830 5330 1610 5670 5667 5950
5950 5709 5829 5596 112300 5950 5665 5990
5990 5668 5825 5830 4430 5990 5650 5835
5835 5667 5829 5830 511 5835 5835 5821
5821 5670 5665 5830 5932 5821 5667 5820
5820 5950 5677 5830 21388 5820 5682 5814
5814 5990 5709 5829 1836 5814 5798 5800
5800 5835 5668 5825 108210 5800 5779 5998
5998 5821 5667 5829 96928 5998 5799 5898
5898 5820 5670 5665 1010 5898 5661 5896
5896 5814 5950 5677 6270 5896 5880 5896
5896 5800 5990 5709 14760 5896 5895 5893
5893 5998 5835 5668 16742 5893 5887 6120
6120 5898 5821 5667 29083 6120 5880 5932
5932 5896 5820 5670 1182 5932 5928 5930
5930 5896 5814 5950 2010 5930 5850 5929
5929 5893 5800 5990 147172 5929 5858 5904
5904 6120 5998 5835 1948 5904 5618 5891
5891 5932 5898 5821 3110 5891 5609 5890
5890 5930 5896 5820 60 5890 5598 5876
5876 5929 5896 5814 14534 5876 5800 5872
5872 5904 5893 5800 190 5872 5583 5871
5871 5891 6120 5998 610 5871 5848 5860
5860 5890 5932 5898 8510 5860 5750 5853
5853 5876 5930 5896 3260 5853 5743 5849
5849 5872 5929 5896 1986 5849 5700 5840
5840 5871 5904 5893 3010 5840 5650 5790
5790 5860 5891 6120 14896 5790 5600 5790
5790 5853 5890 5932 1010 5790 5616 5752
5752 5849 5876 5930 20010 5752 5600 5752
5752 5840 5872 5929 9390 5752 5750 5734
5734 5790 5871 5904 10010 5734 5631 5900
5900 5790 5860 5891 24117 5900 5750 5750
5750 5752 5853 5890 7706 5750 5500 5748
5748 5752 5849 5876 1795 5748 5683 5668
5668 5734 5840 5872 49486 5668 5634 5666
5666 5900 5790 5871 2010 5666 5632 5664
5664 5750 5790 5860 905 5664 5555 5655
5655 5748 5752 5853 5210 5655 5551 5612
5612 5668 5752 5849 26815 5612 5542 5700
5700 5666 5734 5840 14587 5700 5500 5608
5608 5664 5900 5790 422400 5608 5608 5611
5611 5655 5750 5790 14276 5611 5610 5611
5611 5612 5748 5752 2936 5611 5611 5611
5611 5700 5668 5752 8058 5611 5609 5700
5700 5608 5666 5734 7510 5700 5619 5701
5701 5611 5664 5900 7204 5701 5700 5908
5908 5611 5655 5750 78416 5908 5908 6203
6203 5611 5612 5748 108782 6203 6200 6203
6203 5700 5700 5668 9178 6203 5892 6150
6150 5701 5608 5666 7032 6150 5860 6135
6135 5908 5611 5664 3436 6135 5831 6122
6122 6203 5611 5655 20 6122 6094 6119
6119 6203 5611 5612 2747 6119 6045 6072
6072 6150 5700 5700 11447 6072 5814 6065
6065 6135 5701 5608 1720 6065 5813 5985
5985 6122 5908 5611 3568 5985 5700 5907
5907 6119 6203 5611 18486 5907 5686 5802
5802 6072 6203 5611 35292 5802 5620 6000
6000 6065 6150 5700 9509 6000 5802 6100
6100 5985 6135 5701 431654 6100 5822 6000
6000 5907 6122 5908 236 6000 5906 6000
6000 5802 6119 6203 827510 6000 5906 6000
6000 6000 6072 6203 1145 6000 5907 5907
5907 6100 6065 6150 1100 5907 5907 5907
5907 6000 5985 6135 400 5907 5907 5907
5907 6000 5907 6122 489972 5907 5907 5907
5907 6000 5802 6119 2887 5907 5907 5910
5910 5907 6000 6072 829064 5910 5906 6000
6000 5907 6100 6065 5370 6000 5907 6000
6000 5907 6000 5985 1970 6000 5910 5913
5913 5907 6000 5907 8718 5913 5907 5921
5921 5910 6000 5802 100000 5921 5921 5921
5921 6000 5907 6000 1908 5921 5920 5924
5924 6000 5907 6100 47980 5924 5900 5913
5913 5913 5907 6000 126342 5913 5800 5818
5818 5921 5907 6000 4751 5818 5812 5812
5812 5921 5910 6000 8688 5812 5812 5811
5811 5924 6000 5907 1658 5811 5801 5799
5799 5913 6000 5907 106532 5799 5750 5800
5800 5818 5913 5907 32149 5800 5750 5752
5752 5812 5921 5907 103925 5752 5700 5711
5711 5811 5921 5910 10334 5711 5690 5708
5708 5799 5924 6000 86610 5708 5650 5668
5668 5800 5913 6000 45294 5668 5590 5622
5622 5752 5818 5913 8210 5622 5599 5622
5622 5711 5812 5921 200 5622 5622 5622
5622 5708 5811 5921 176 5622 5622 5619
5619 5668 5799 5924 1634 5619 5510 5563
5563 5622 5800 5913 35030 5563 5507 5561
5561 5622 5752 5818 1360 5561 5452 5560
5560 5622 5711 5812 1010 5560 5550 5556
5556 5619 5708 5811 4800 5556 5500 5555
5555 5563 5668 5799 593 5555 5550 5550
5550 5561 5622 5800 6224 5550 5500 5544
5544 5560 5622 5752 7913 5544 5500 5542
5542 5556 5622 5711 1825 5542 5500 5542
5542 5555 5619 5708 809 5542 5542 5543
5543 5550 5563 5668 104858 5543 5542 5546
5546 5544 5561 5622 1939 5546 5542 5545
5545 5542 5560 5622 48 5545 5542 5545
5545 5542 5556 5622 459 5545 5542 5542
5542 5543 5555 5619 4683 5542 5541 5541
5541 5546 5550 5563 14753 5541 5540 5541
5541 5545 5544 5561 735 5541 5540 5541
5541 5545 5542 5560 1010 5541 5540 5542
5542 5542 5542 5556 510 5542 5540 5545
5545 5541 5543 5555 3290 5545 5450 5540
5540 5541 5546 5550 362 5540 5540 5540
5540 5541 5545 5544 955 5540 5430 5538
5538 5542 5545 5542 4100 5538 5500 5538
5538 5545 5542 5542 7747 5538 5537 5537
5537 5540 5541 5543 6664 5537 5440 5618
5618 5540 5541 5546 1945 5618 5532 5517
5517 5538 5541 5545 11410 5517 5430 5515
5515 5538 5542 5545 1310 5515 5410 5625
5625 5537 5545 5542 23595 5625 5534 5661
5661 5618 5540 5541 180772 5661 5439 5446
5446 5517 5540 5541 1000010 5446 5441 5500
5500 5515 5538 5541 1200098 5500 5441 5503
5503 5625 5538 5542 1002010 5503 5442 5550
5550 5661 5537 5545 1172870 5550 5448 5556
5556 5446 5618 5540 686 5556 5449 5557
5557 5500 5517 5540 710 5557 5450 5559
5559 5503 5515 5538 10010 5559 5465 5574
5574 5550 5625 5538 375 5574 5465 5574
5574 5556 5661 5537 1420 5574 5467 5576
5576 5557 5446 5618 7425 5576 5478 5587
5587 5559 5500 5517 970 5587 5479 5588
5588 5574 5503 5515 2986 5588 5483 5592
5592 5574 5550 5625 23378 5592 5518 5628
5628 5576 5556 5661 1010 5628 5519 5629
5629 5587 5557 5446 360 5629 5519 5629
5629 5588 5559 5500 1986 5629 5522 5632
5632 5592 5574 5503 2329541 5632 5623 5735
5735 5628 5574 5550 3600 5735 5623 5635
5635 5629 5576 5556 1670 5635 5623 6100
6100 5629 5587 5557 15010 6100 5200 5916
5916 5632 5588 5559 20031 5916 5832 5948
5948 5735 5592 5574 2264 5948 5835 5951
5951 5635 5628 5574 107427 5951 5843 5950
5950 6100 5629 5576 6408 5950 5843 5841
5841 5916 5629 5587 1070 5841 5727 5824
5824 5948 5632 5588 10010 5824 5725 5823
5823 5951 5735 5592 428 5823 5708 5788
5788 5950 5635 5628 21020 5788 5707 5769
5769 5841 6100 5629 11654 5769 5673 5763
5763 5824 5916 5629 5410 5763 5700 5763
5763 5823 5948 5632 2345 5763 5673 5750
5750 5788 5951 5735 6422 5750 5650 5750
5750 5769 5950 5635 998 5750 5640 5747
5747 5763 5841 6100 1010 5747 5640 5747
5747 5763 5824 5916 650 5747 5747 5732
5732 5750 5823 5948 9736 5732 5640 5732
5732 5750 5788 5951 736 5732 5727 5681
5681 5747 5769 5950 32066 5681 5618 5727
5727 5747 5763 5841 10183 5727 5570 5665
5665 5732 5763 5824 22010 5665 5552 5643
5643 5732 5750 5823 801 5643 5532 5635
5635 5681 5750 5788 5010 5635 5531 5640
5640 5727 5747 5769 4699 5640 5523 5600
5600 5665 5747 5763 17800 5600 5516 5600
5600 5643 5732 5763 46542 5600 5490 5526
5526 5635 5732 5750 2260 5526 5420 5529
5529 5640 5681 5750 280 5529 5526 5527
5527 5600 5727 5747 10572 5527 5420 5529
5529 5600 5665 5747 4691 5529 5516 5481
5481 5526 5643 5732 23735 5481 5410 5478
5478 5529 5635 5732 2204 5478 5375 5470
5470 5527 5640 5681 5077 5470 5369 5469
5469 5529 5600 5727 17010 5469 5370 5448
5448 5481 5600 5665 272 5448 5340 5448
5448 5478 5526 5643 545 5448 5448 5397
5397 5470 5529 5635 33410 5397 5340 5418
5418 5469 5527 5640 2343 5418 5398 5392
5392 5448 5529 5600 3680 5392 5291 5419
5419 5448 5481 5600 25010 5419 5369 5393
5393 5397 5478 5526 11679 5393 5390 5391
5391 5418 5470 5529 2062 5391 5390 5390
5390 5392 5469 5527 5000 5390 5390 5497
5497 5419 5448 5529 7446 5497 5390 5393
5393 5393 5448 5481 19414 5393 5393 5378
5378 5391 5397 5478 11810 5378 5300 5378
5378 5390 5418 5470 184 5378 5378 5378
5378 5497 5392 5469 310 5378 5377 5378
5378 5393 5419 5448 487210 5378 5375 5361
5361 5378 5393 5448 10048 5361 5269 5361
5361 5378 5391 5397 440 5361 5254 5355
5355 5378 5390 5418 4010 5355 5254 5354
5354 5378 5497 5392 375 5354 5248 5254
5254 5361 5393 5419 383677 5254 5247 5143
5143 5361 5378 5393 5000 5143 5143 5115
5115 5355 5378 5391 630 5115 3500 2500
2500 5354 5378 5390 5000 2500 2500 2550
2550 5254 5378 5497 470 2550 2500 2550
2550 5143 5361 5393 6853 2550 2502 2549
2549 5115 5361 5378 3609 2549 2547 2545
2545 2500 5355 5378 4997 2545 2503 2535
2535 2550 5354 5378 8283 2535 2504 2520
2520 2550 5254 5378 2006 2520 2504 2518
2518 2549 5143 5361 310 2518 2504 2502
2502 2545 5115 5361 5475 2502 2454 2499
2499 2535 2500 5355 7430 2499 2452 2498
2498 2520 2550 5354 3442 2498 2450 2497
2497 2518 2550 5254 2008 2497 2449 2496
2496 2502 2549 5143 3010 2496 2448 2496
2496 2499 2545 5115 110 2496 2447 2447
2447 2498 2535 2500 4000 2447 2447 2495
2495 2497 2520 2550 346 2495 2446 2495
2495 2496 2518 2550 140 2495 2446 2446
2446 2496 2502 2549 500 2446 2446 2494
2494 2447 2499 2545 1636 2494 2446 2445
2445 2495 2498 2535 1080 2445 2445 2493
2493 2495 2497 2520 2040 2493 2445 2493
2493 2446 2496 2518 460 2493 2444 2493
2493 2494 2496 2502 1110 2493 2444 2492
2492 2445 2447 2499 2210 2492 2444 2491
2491 2493 2495 2498 3120 2491 2443 2482
2482 2493 2495 2497 26010 2482 2442 2433
2433 2493 2446 2496 2530 2433 2433 2481
2481 2492 2494 2496 828 2481 2432 2478
2478 2491 2445 2447 8847 2478 2432 2429
2429 2482 2493 2495 160 2429 2429 2477
2477 2433 2493 2495 1930 2477 2429 2476
2476 2481 2493 2446 2576 2476 2428 2476
2476 2478 2492 2494 1120 2476 2427 2475
2475 2429 2491 2445 3010 2475 2427 2426
2426 2477 2482 2493 155420 2426 2426 2424
2424 2476 2433 2493 4652 2424 2378 2424
2424 2476 2481 2493 135 2424 2376 2423
2423 2475 2478 2492 2010 2423 2376 2422
2422 2426 2429 2491 2942 2422 2375 2422
2422 2424 2477 2482 1057 2422 2374 2415
2415 2424 2476 2433 22110 2415 2374 2415
2415 2423 2476 2481 410 2415 2367 2413
2413 2422 2475 2478 7110 2413 2367 2412
2412 2422 2426 2429 2110 2412 2365 2408
2408 2415 2424 2477 12637 2408 2364 2408
2408 2415 2424 2476 684 2408 2360 2407
2407 2413 2423 2476 2010 2407 2360 2407
2407 2412 2422 2475 145 2407 2359 2407
2407 2408 2422 2426 242 2407 2359 2406
2406 2408 2415 2424 2010 2406 2359 2399
2399 2407 2415 2424 22010 2399 2358 2399
2399 2407 2413 2423 1065 2399 2352 2393
2393 2407 2412 2422 18539 2393 2352 2393
2393 2406 2408 2422 24 2393 2346 2392
2392 2399 2408 2415 1110 2392 2322 2392
2392 2399 2407 2415 580 2392 2321 2000
2000 2393 2407 2413 286390 2000 1251 1668
1668 2393 2407 2412 10010 1668 1623 1671
1671 2392 2406 2408 2740 1671 1624 1672
1672 2392 2399 2408 10710 1672 1628 1676
1676 2000 2399 2407 2010 1676 1629 1677
1677 1668 2393 2407 434 1677 1629 2600
2600 1671 2393 2407 322398 2600 2076 2428
2428 1672 2392 2406 18154 2428 2364 2413
2413 1676 2392 2399 25818 2413 2354 2427
2427 1677 2000 2399 4849 2427 2341 2365
2365 2600 1668 2393 94014 2365 2339 2365
2365 2428 1671 2393 88664 2365 2363 2364
2364 2413 1672 2392 8978 2364 2303 2362
2362 2427 1676 2392 686 2362 2314 2432
2432 2365 1677 2000 10010 2432 2367 2367
2367 2365 2600 1668 13010 2367 2337 2364
2364 2364 2428 1671 13253 2364 2336 2434
2434 2362 2413 1672 92531 2434 2410 2482
2482 2432 2427 1676 113890 2482 2468 2542
2542 2367 2365 1677 70010 2542 2504 2579
2579 2364 2365 2600 69245 2579 2541 2617
2617 2434 2364 2428 70010 2617 2578 2655
2655 2482 2362 2413 36898 2655 2598 2675
2675 2542 2432 2427 23574 2675 2611 2689
2689 2579 2367 2365 255928 2689 2688 2768
2768 2617 2364 2365 4010 2768 2690 2770
2770 2655 2434 2364 6410 2770 2694 2774
2774 2675 2482 2362 10010 2774 2700 2781
2781 2689 2542 2432 670 2781 2700 2781
2781 2768 2579 2367 38410 2781 2722 2800
2800 2770 2617 2364 14026 2800 2730 2811
2811 2774 2655 2434 2182 2811 2731 2812
2812 2781 2675 2482 27838 2812 2747 2829
2829 2781 2689 2542 1694 2829 2748 2830
2830 2800 2768 2579 1994 2830 2749 2831
2831 2811 2770 2617 9016 2831 2754 2836
2836 2812 2774 2655 96125 2836 2809 2893
2893 2829 2781 2675 7710 2893 2814 2898
2898 2830 2781 2689 13986 2898 2822 2906
2906 2831 2800 2768 61450 2906 2858 2943
2943 2836 2811 2770 17210 2943 2868 2954
2954 2893 2812 2774 9107 2954 2874 2960
2960 2898 2829 2781 29885 2960 2788 2868
2868 2906 2830 2781 1000 2868 2783 2856
2856 2943 2831 2800 20551 2856 2782 2856
2856 2954 2836 2811 20 2856 2771 2855
2855 2960 2893 2812 2010 2855 2771 2854
2854 2868 2898 2829 2010 2854 2770 2846
2846 2856 2906 2830 13010 2846 2769 2845
2845 2856 2943 2831 2010 2845 2761 2803
2803 2855 2954 2836 71535 2803 2760 2797
2797 2854 2960 2893 10020 2797 2719 2785
2785 2846 2868 2898 20875 2785 2714 2785
2785 2845 2856 2906 110 2785 2702 2784
2784 2803 2856 2943 926 2784 2702 2772
2772 2797 2855 2954 20010 2772 2701 2689
2689 2785 2854 2960 50 2689 2689 2609
2609 2785 2846 2868 50 2609 2609 2531
2531 2784 2845 2856 50 2531 2531 2456
2456 2772 2803 2856 20000 2456 2456 2445
2445 2689 2797 2855 30000 2445 2445 2429
2429 2609 2785 2854 21000 2429 2429 2419
2419 2531 2785 2846 85000 2419 2419 2450
2450 2456 2784 2845 11400 2450 2397 2383
2383 2445 2772 2803 13100 2383 2373 2367
2367 2429 2689 2797 20000 2367 2367 2358
2358 2419 2609 2785 6169 2358 2358 2355
2355 2450 2531 2785 11500 2355 2355 2358
2358 2383 2456 2784 178260 2358 2349 2350
2350 2367 2445 2772 5500 2350 2350 2283
2283 2358 2429 2689 1000 2283 2283 2352
2352 2355 2419 2609 4818 2352 2350 2420
2420 2358 2450 2531 191000 2420 2349 2316
2316 2350 2383 2456 83289 2316 2308 2270
2270 2283 2367 2445 43000 2270 2269 2300
2300 2352 2358 2429 51308 2300 2249 2250
2250 2420 2355 2419 74405 2250 2231 2250
2250 2316 2358 2450 696 2250 2250 2266
2266 2270 2350 2383 10600 2266 2203 2200
2200 2300 2283 2367 26952 2200 2199 2250
2250 2250 2352 2358 64332 2250 2186 2190
2190 2250 2420 2355 105752 2190 2163 2129
2129 2266 2316 2358 34689 2129 2115 2250
2250 2200 2270 2350 10675 2250 2201 2200
2200 2250 2300 2283 63936 2200 2138 2142
2142 2190 2250 2352 88050 2142 2117 2090
2090 2129 2250 2420 50062 2090 2090 2068
2068 2250 2266 2316 67079 2068 2068 2039
2039 2200 2200 2270 38000 2039 2038 2023
2023 2142 2250 2300 30000 2023 2022 2030
2030 2090 2190 2250 3000 2030 2030 2132
2132 2068 2129 2250 62264 2132 2008 2008
2008 2039 2250 2266 14 2008 2008 2001
2001 2023 2200 2200 12027 2001 2000 2021
2021 2030 2142 2250 9868 2021 2020 2039
2039 2132 2090 2190 3952 2039 2025 2042
2042 2008 2068 2129 1295 2042 2040 2057
2057 2001 2039 2250 17183 2057 2056 2060
2060 2021 2023 2200 6000 2060 2052 2004
2004 2039 2030 2142 9000 2004 2001 2002
2002 2042 2132 2090 16200 2002 2000 2002
2002 2057 2008 2068 15000 2002 1975 2090
2090 2060 2001 2039 55000 2090 1970 2075
2075 2004 2021 2023 10045 2075 1958 1961
1961 2002 2039 2030 15333 1961 1953 2065
2065 2002 2042 2132 33453 2065 1981 2070
2070 2090 2057 2008 13220 2070 2069 2076
2076 2075 2060 2001 6780 2076 2076 2079
2079 1961 2004 2021 3952 2079 2079 2081
2081 2065 2002 2039 718 2081 2081 2081
2081 2070 2002 2042 14000 2081 2081 2087
2087 2076 2090 2057 2474 2087 2087 2088
2088 2079 2075 2060 36647 2088 2088 2104
2104 2081 1961 2004 518 2104 2104 2167
2167 2081 2065 2002 2040 2167 2167 2168
2168 2087 2070 2002 45176 2168 2168 2188
2188 2088 2076 2090 4000 2188 2188 2190
2190 2104 2079 2075 1000 2190 2190 2190
2190 2167 2081 1961 2200 2190 2190 2191
2191 2168 2081 2065 11650 2191 2190 2196
2196 2188 2087 2070 22600 2196 2133 2197
2197 2190 2088 2076 3853 2197 2172 2135
2135 2190 2104 2079 3120 2135 2110 2198
2198 2191 2167 2081 21526 2198 2198 2103
2103 2196 2168 2081 86 2103 2103 2151
2151 2197 2188 2087 4403 2151 2150 2090
2090 2135 2190 2088 2536 2090 2090 2200
2200 2198 2190 2104 730 2200 2200 2208
2208 2103 2191 2167 25000 2208 2208 2209
2209 2151 2196 2168 1920 2209 2209 2220
2220 2090 2197 2188 4000 2220 2220 2222
2222 2200 2135 2190 3781 2222 2222 2224
2224 2208 2198 2190 162 2224 2224 2224
2224 2209 2103 2191 1340 2224 2224 2225
2225 2220 2151 2196 8300 2225 2225 2229
2229 2222 2090 2197 8671 2229 2225 2234
2234 2224 2200 2135 37260 2234 2234 2251
2251 2224 2208 2198 20000 2251 2251 2260